1   0.000000
2   1.100000
3   2.200000
4   3.410000
5   4.741000
6   6.205100
7   7.815610
8   9.587171
9  11.535888
10  13.679477
11  16.037425
12  18.631167
13  19.631167
14  20.631167
15  21.731167
16  22.941167
17  24.272167
18  25.736267
19  27.200367
20  28.664467
21  30.128567
22  31.592667
23  33.056767
24  34.520867
25  35.984967
26  37.449067
27  38.913167
28  40.377267
29  41.841367
30  43.305467
31  44.769567
32  46.233667
33  47.697767
34  49.161867
35  50.625967
36  52.090067
37  53.554167
38  55.018267
39  56.482367
40  57.946467
41  59.410567
42  60.874667
43  62.338767
44  63.802867
45  65.266967
46  66.731067
47  68.195167
48  69.659267
49  71.123367
50  72.587467
51  74.051567
52  75.515667
53  76.979767
54  78.443867
55  79.907967
56  81.372067
57  82.836167
58  84.300267
59  85.764367
60  87.228467
61  88.692567
62  90.156667
63  91.620767
64  93.084867
65  94.548967
66  96.013067
67  97.477167
68  98.941267
69 100.405367
70 101.869467
71 103.333567
72 104.797667
73 106.261767
74 107.725867
75 109.189967
76 110.654067
77 112.118167
78 113.582267
79 115.046367
80 116.510467
81 117.974567
82 119.438667
83 120.902767
84 122.366867
85 123.830967
86 125.295067
87 126.759167
88 128.223267
89 129.687367
90 131.151467
91 132.615567
92 134.079667
93 135.543767
94 137.007867
95 138.471967
96 139.936067
97 141.400167
98 142.864267
99 144.328367
100 145.792467
101 147.256567
102 148.720667
103 150.184767
104 151.648867
105 153.112967
106 154.577067
107 156.041167
108 157.505267
109 158.969367
110 160.433467
111 161.897567
112 163.361667
113 164.825767
114 166.289867
115 167.753967
116 169.218067
117 170.682167
118 172.146267
119 173.610367
120 175.074467
121 176.538567
122 178.002667
123 179.466767
124 180.930867
125 182.394967
126 183.859067
127 185.323167
128 186.787267
129 188.251367
130 189.715467
131 191.179567
132 192.643667
133 194.107767
134 195.571867
135 197.035967
136 198.500067
137 199.964167
138 201.428267
139 202.892367
140 204.356467
141 205.820567
142 207.284667
143 208.748767
144 210.212867
145 211.676967
146 213.141067
147 214.605167
148 216.069267
149 217.533367
150 218.997467
151 220.461567
152 221.925667
153 223.389767
154 224.853867
155 226.317967
156 227.782067
157 229.246167
158 230.710267
159 232.174367
160 233.638467
161 235.102567
162 236.566667
163 238.030767
164 239.494867
165 240.958967
166 242.423067
167 243.887167
168 245.351267
169 246.815367
170 248.279467
171 249.743567
172 251.207667
173 252.671767
174 254.135867
175 255.599967
176 257.064067
177 258.528167
178 259.992267
179 261.456367
180 262.920467
181 264.384567
182 265.848667
183 267.312767
184 268.776867
185 270.240967
186 271.705067
187 273.169167
188 274.633267
189 276.097367
190 277.561467
191 279.025567
192 280.489667
193 281.953767
194 283.417867
195 284.881967
196 286.346067
197 287.810167
198 289.274267
199 290.738367
200 292.202467
201 293.666567
202 295.130667
203 296.594767
204 298.058867
205 299.522967
206 300.987067
207 302.451167
208 303.915267
209 305.379367
210 306.843467
211 308.307567
212 309.771667
213 311.235767
214 312.699867
215 314.163967
216 315.628067
217 317.092167
218 318.556267
219 320.020367
220 321.484467
221 322.948567
222 324.412667
223 325.876767
224 327.340867
225 328.804967
226 330.269067
227 331.733167
228 333.197267
229 334.661367
230 336.125467
231 337.589567
232 339.053667
233 340.517767
234 341.981867
235 343.445967
236 344.910067
237 346.374167
238 347.838267
239 349.302367
240 350.766467
241 352.230567
242 353.694667
243 355.158767
244 356.622867
245 358.086967
246 359.551067
247 361.015167
248 362.479267
249 363.943367
250 365.407467
251 366.871567
252 368.335667
253 369.799767
254 371.263867
255 372.727967
256 374.192067
257 375.656167
258 377.120267
259 378.584367
260 380.194877
261 381.805387
262 383.415897
263 385.026407
264 386.636917
265 388.247427
266 390.018988
267 391.790549
268 393.562110
269 395.333671
270 397.105232
271 398.876793
272 400.648354
273 402.419915
274 404.368632
275 406.317349
276 408.266066
277 410.214783
278 412.163501
279 414.112218
280 416.060935
281 418.009652
282 419.958369
283 421.907086
284 423.855803
285 425.804520
286 427.753237
287 429.896826
288 432.040415
289 434.184004
290 436.327593
291 438.471181
292 440.614770
293 442.758359
294 444.901948
295 447.045537
296 449.189125
297 451.332714
298 453.476303
299 455.619892
300 457.763481
301 459.907070
302 462.050658
303 464.194247
304 466.337836
305 468.481425
306 470.625014
307 472.768602
308 474.912191
309 477.055780
310 479.199369
311 481.342958
312 483.486546
313 485.630135
314 487.773724
315 489.917313
316 492.060902
317 494.204490
318 496.348079
319 498.491668
320 500.635257
321 502.778846
322 504.922435
323 507.066023
324 509.209612
325 511.353201
326 513.496790
327 515.640379
328 517.783967
329 519.927556
330 522.285504
331 524.643452
332 527.001399
333 529.359347
334 531.717295
335 534.075242
336 536.433190
337 538.791138
338 541.149085
339 543.507033
340 545.864981
341 548.222928
342 550.580876
343 552.938824
344 555.296772
345 557.654719
346 560.012667
347 562.370615
348 564.728562
349 567.086510
350 569.444458
351 571.802405
352 574.160353
353 576.518301
354 578.876248
355 581.234196
356 583.592144
357 585.950092
358 588.308039
359 590.665987
360 593.023935
361 595.381882
362 597.739830
363 600.097778
364 602.455725
365 604.813673
366 607.171621
367 609.529568
368 611.887516
369 614.245464
370 616.603412
371 618.961359
372 621.319307
373 623.677255
374 626.035202
375 628.393150
376 630.751098
377 633.109045
378 635.466993
379 637.824941
380 640.182888
381 642.540836
382 644.898784
383 647.256732
384 649.614679
385 651.972627
386 654.330575
387 656.688522
388 659.046470
389 661.404418
390 663.762365
391 666.120313
392 668.478261
393 670.836208
394 673.194156
395 675.552104
396 677.910051
397 680.267999
398 682.625947
399 684.983895
400 687.341842
401 689.699790
402 692.057738
403 694.415685
404 696.773633
405 699.131581
406 701.489528
407 703.847476
408 706.205424
409 708.563371
410 710.921319
411 713.279267
412 715.637215
413 717.995162
414 720.353110
415 722.711058
416 725.069005
417 727.426953
418 729.784901
419 732.142848
420 734.500796
421 736.858744
422 739.216691
423 741.574639
424 743.932587
425 746.290535
426 748.648482
427 751.006430
428 753.364378
429 755.722325
430 758.080273
431 760.438221
432 762.796168
433 765.154116
434 767.512064
435 769.870011
436 772.227959
437 774.585907
438 776.943855
439 779.301802
440 781.659750
441 784.017698
442 786.375645
443 788.733593
444 791.091541
445 793.449488
446 795.807436
447 798.165384
448 800.523331
449 802.881279
450 805.239227
451 807.597174
452 809.955122
453 812.313070
454 814.671018
455 817.028965
456 819.386913
457 821.744861
458 824.102808
459 826.460756
460 828.818704
461 831.176651
462 833.534599
463 835.892547
464 838.250494
465 840.844237
466 843.697354
467 846.550470
468 849.403587
469 852.256704
470 855.109820
471 857.962937
472 860.816054
473 863.669171
474 866.522287
475 869.375404
476 872.228521
477 875.081637
478 877.934754
479 880.787871
480 883.640988
481 886.494104
482 889.347221
483 892.200338
484 895.053454
485 897.906571
486 900.759688
487 903.612804
488 906.465921
489 909.319038
490 912.172155
491 915.025271
492 917.878388
493 920.731505
494 923.584621
495 926.437738
496 929.290855
497 932.143972
498 934.997088
499 937.850205
500 940.703322
501 943.556438
502 946.409555
503 949.262672
504 952.115788
505 954.968905
506 957.822022
507 960.675139
508 963.528255
509 966.381372
510 969.234489
511 972.087605
512 974.940722
513 977.793839
514 980.646956
515 983.500072
516 986.353189
517 989.206306
518 992.059422
519 994.912539
520 997.765656
521 1000.618772
522 1003.471889
523 1006.325006
524 1009.178123
525 1012.031239
526 1014.884356
527 1017.737473
528 1020.590589
529 1023.443706
530 1026.296823
531 1029.149940
532 1032.003056
533 1034.856173
534 1037.709290
535 1040.562406
536 1043.415523
537 1046.268640
538 1049.121756
539 1051.974873
540 1054.827990
541 1057.681107
542 1060.534223
543 1063.387340
544 1066.240457
545 1069.093573
546 1071.946690
547 1074.799807
548 1077.652924
549 1080.506040
550 1083.359157
551 1086.212274
552 1089.065390
553 1091.918507
554 1094.771624
555 1097.624740
556 1100.477857
557 1103.330974
558 1106.184091
559 1109.037207
560 1111.890324
561 1114.743441
562 1117.596557
563 1120.449674
564 1123.302791
565 1126.155908
566 1129.009024
567 1131.862141
568 1134.715258
569 1137.568374
570 1140.421491
571 1143.274608
572 1146.127724
573 1148.980841
574 1151.833958
575 1154.687075
576 1157.825503
577 1160.963931
578 1164.416203
579 1167.868474
580 1171.320745
581 1174.773016
582 1178.225287
583 1181.677559
584 1185.129830
585 1188.582101
586 1192.034372
587 1195.486644
588 1198.938915
589 1202.391186
590 1205.843457
591 1209.295728
592 1212.748000
593 1216.200271
594 1219.652542
595 1223.104813
596 1226.557084
597 1230.009356
598 1233.461627
599 1236.913898
600 1240.366169
601 1243.818441
602 1247.270712
603 1250.722983
604 1254.175254
605 1257.627525
606 1261.079797
607 1264.532068
608 1267.984339
609 1271.436610
610 1274.888881
611 1278.341153
612 1281.793424
613 1285.245695
614 1288.697966
615 1292.150238
616 1295.602509
617 1299.054780
618 1302.507051
619 1305.959322
620 1309.411594
621 1312.863865
622 1316.316136
623 1319.768407
624 1323.220678
625 1326.672950
626 1330.125221
627 1333.577492
628 1337.029763
629 1340.482035
630 1343.934306
631 1347.386577
632 1350.838848
633 1354.291119
634 1357.743391
635 1361.195662
636 1364.647933
637 1368.100204
638 1371.552475
639 1375.004747
640 1378.457018
641 1381.909289
642 1385.361560
643 1388.813832
644 1392.266103
645 1395.718374
646 1399.170645
647 1402.622916
648 1406.075188
649 1409.527459
650 1412.979730
651 1416.432001
652 1419.884272
653 1423.336544
654 1426.788815
655 1430.586313
656 1434.383812
657 1438.181310
658 1441.978808
659 1445.776307
660 1449.573805
661 1453.371303
662 1457.168802
663 1460.966300
664 1464.763798
665 1468.561297
666 1472.358795
667 1476.156293
668 1479.953792
669 1483.751290
670 1487.548788
671 1491.346287
672 1495.143785
673 1498.941283
674 1502.738782
675 1506.536280
676 1510.333778
677 1514.131277
678 1517.928775
679 1521.726273
680 1525.523772
681 1529.321270
682 1533.118768
683 1536.916267
684 1540.713765
685 1544.511263
686 1548.308762
687 1552.106260
688 1555.903758
689 1559.701257
690 1563.498755
691 1567.296253
692 1571.093752
693 1574.891250
694 1578.688748
695 1582.486247
696 1586.283745
697 1590.081243
698 1593.878742
699 1597.676240
700 1601.473738
701 1605.271237
702 1609.068735
703 1612.866233
704 1616.663732
705 1620.461230
706 1624.258728
707 1628.056227
708 1631.853725
709 1635.651223
710 1639.448722
711 1643.246220
712 1647.043718
713 1650.841217
714 1654.638715
715 1658.436213
716 1662.233712
717 1666.031210
718 1669.828708
719 1673.626207
720 1677.423705
721 1681.221203
722 1685.018702
723 1688.816200
724 1692.613698
725 1696.411197
726 1700.208695
727 1704.006193
728 1707.803692
729 1711.601190
730 1715.398688
731 1719.196187
732 1722.993685
733 1726.791183
734 1730.588682
735 1734.386180
736 1738.183678
737 1741.981177
738 1745.778675
739 1749.576173
740 1753.373672
741 1757.171170
742 1760.968668
743 1764.766167
744 1768.563665
745 1772.361163
746 1776.158662
747 1779.956160
748 1783.753658
749 1787.551157
750 1791.348655
751 1795.146153
752 1798.943652
753 1802.741150
754 1806.538648
755 1810.336147
756 1814.133645
757 1817.931143
758 1821.728642
759 1825.526140
760 1829.323638
761 1833.121137
762 1836.918635
763 1840.716133
764 1844.513632
765 1848.311130
766 1852.108628
767 1855.906127
768 1859.703625
769 1863.501123
770 1867.298622
771 1871.096120
772 1874.893618
773 1878.691117
774 1882.488615
775 1886.286114
776 1890.083612
777 1893.881110
778 1897.678609
779 1901.476107
780 1905.273605
781 1909.071104
782 1912.868602
783 1916.666100
784 1920.463599
785 1924.261097
786 1928.438345
787 1932.615593
788 1936.792841
789 1940.970090
790 1945.147338
791 1949.324586
792 1953.501834
793 1957.679082
794 1961.856330
795 1966.033579
796 1970.210827
797 1974.388075
798 1978.565323
799 1982.742571
800 1986.919819
801 1991.097068
802 1995.274316
803 1999.451564
804 2003.628812
805 2007.806060
806 2011.983308
807 2016.160557
808 2020.337805
809 2024.515053
810 2028.692301
811 2032.869549
812 2037.046797
813 2041.224046
814 2045.401294
815 2049.578542
816 2053.755790
817 2057.933038
818 2062.110286
819 2066.287535
820 2070.464783
821 2074.642031
822 2078.819279
823 2082.996527
824 2087.173775
825 2091.351024
826 2095.528272
827 2099.705520
828 2103.882768
829 2108.060016
830 2112.237264
831 2116.414513
832 2120.591761
833 2124.769009
834 2128.946257
835 2133.123505
836 2137.300754
837 2141.478002
838 2145.655250
839 2149.832498
840 2154.009746
841 2158.186994
842 2162.364243
843 2166.541491
844 2170.718739
845 2174.895987
846 2179.073235
847 2183.250483
848 2187.427732
849 2191.604980
850 2195.782228
851 2199.959476
852 2204.136724
853 2208.313972
854 2212.491221
855 2216.668469
856 2220.845717
857 2225.022965
858 2229.200213
859 2233.377461
860 2237.554710
861 2241.731958
862 2245.909206
863 2250.086454
864 2254.263702
865 2258.440950
866 2262.618199
867 2266.795447
868 2270.972695
869 2275.149943
870 2279.327191
871 2283.504439
872 2287.681688
873 2291.858936
874 2296.036184
875 2300.213432
876 2304.390680
877 2308.567928
878 2312.745177
879 2316.922425
880 2321.099673
881 2325.276921
882 2329.454169
883 2333.631417
884 2337.808666
885 2341.985914
886 2346.163162
887 2350.340410
888 2354.517658
889 2358.694906
890 2362.872155
891 2367.049403
892 2371.226651
893 2375.403899
894 2379.581147
895 2383.758396
896 2387.935644
897 2392.112892
898 2396.290140
899 2400.467388
900 2404.644636
901 2408.821885
902 2412.999133
903 2417.176381
904 2421.353629
905 2425.530877
906 2429.708125
907 2433.885374
908 2438.062622
909 2442.239870
910 2446.417118
911 2450.594366
912 2454.771614
913 2458.948863
914 2463.126111
915 2467.303359
916 2471.480607
917 2475.657855
918 2479.835103
919 2484.012352
920 2488.189600
921 2492.366848
922 2496.544096
923 2500.721344
924 2504.898592
925 2509.075841
926 2513.253089
927 2517.430337
928 2521.607585
929 2526.202558
930 2530.797531
931 2535.392504
932 2539.987477
933 2544.582450
934 2549.177423
935 2553.772396
936 2558.367369
937 2562.962342
938 2567.557315
939 2572.152288
940 2576.747261
941 2581.342234
942 2585.937207
943 2590.532180
944 2595.127153
945 2599.722126
946 2604.317099
947 2608.912072
948 2613.507045
949 2618.102018
950 2622.696991
951 2627.291964
952 2631.886937
953 2636.481910
954 2641.076883
955 2645.671856
956 2650.266829
957 2654.861802
958 2659.456775
959 2664.051748
960 2668.646721
961 2673.241694
962 2677.836667
963 2682.431640
964 2687.026613
965 2691.621586
966 2696.216559
967 2700.811532
968 2705.406505
969 2710.001478
970 2714.596451
971 2719.191424
972 2723.786396
973 2728.381369
974 2732.976342
975 2737.571315
976 2742.166288
977 2746.761261
978 2751.356234
979 2755.951207
980 2760.546180
981 2765.141153
982 2769.736126
983 2774.331099
984 2778.926072
985 2783.521045
986 2788.116018
987 2792.710991
988 2797.305964
989 2801.900937
990 2806.495910
991 2811.090883
992 2815.685856
993 2820.280829
994 2824.875802
995 2829.470775
996 2834.065748
997 2838.660721
998 2843.255694
999 2847.850667
1000 2852.445640
1001 2857.040613
1002 2861.635586
1003 2866.230559
1004 2870.825532
1005 2875.420505
1006 2880.015478
1007 2884.610451
1008 2889.205424
1009 2893.800397
1010 2898.395370
1011 2902.990343
1012 2907.585316
1013 2912.180289
1014 2916.775262
1015 2921.370235
1016 2925.965208
1017 2930.560181
1018 2935.155154
1019 2939.750127
1020 2944.345100
1021 2948.940073
1022 2953.535046
1023 2958.130019
1024 2962.724992
1025 2967.319965
1026 2971.914938
1027 2976.509911
1028 2981.104884
1029 2985.699857
1030 2990.294830
1031 2994.889803
1032 2999.484776
1033 3004.079749
1034 3008.674722
1035 3013.269695
1036 3017.864668
1037 3022.459641
1038 3027.054614
1039 3031.649587
1040 3036.244560
1041 3040.839533
1042 3045.434506
1043 3050.029479
1044 3054.624452
1045 3059.219424
1046 3063.814397
1047 3068.409370
1048 3073.004343
1049 3077.599316
1050 3082.194289
1051 3086.789262
1052 3091.384235
1053 3095.979208
1054 3100.574181
1055 3105.169154
1056 3109.764127
1057 3114.359100
1058 3118.954073
1059 3123.549046
1060 3128.144019
1061 3132.738992
1062 3137.333965
1063 3141.928938
1064 3146.523911
1065 3151.118884
1066 3155.713857
1067 3160.308830
1068 3164.903803
1069 3169.498776
1070 3174.093749
1071 3178.688722
1072 3183.283695
1073 3187.878668
1074 3192.473641
1075 3197.068614
1076 3201.663587
1077 3206.258560
1078 3210.853533
1079 3215.448506
1080 3220.043479
1081 3224.638452
1082 3229.233425
1083 3233.828398
1084 3238.423371
1085 3243.018344
1086 3247.613317
1087 3252.208290
1088 3256.803263
1089 3261.398236
1090 3265.993209
1091 3270.588182
1092 3275.183155
1093 3279.778128
1094 3284.373101
1095 3288.968074
1096 3293.563047
1097 3298.158020
1098 3302.752993
1099 3307.347966
1100 3311.942939
1101 3316.537912
1102 3321.132885
1103 3325.727858
1104 3330.322831
1105 3334.917804
1106 3339.512777
1107 3344.107750
1108 3348.702723
1109 3353.297696
1110 3357.892669
1111 3362.487642
1112 3367.082615
1113 3371.677588
1114 3376.272561
1115 3380.867534
1116 3385.462507
1117 3390.057480
1118 3394.652452
1119 3399.247425
1120 3403.842398
1121 3408.437371
1122 3413.032344
1123 3417.627317
1124 3422.222290
1125 3426.817263
1126 3431.412236
1127 3436.007209
1128 3440.602182
1129 3445.197155
1130 3449.792128
1131 3454.387101
1132 3458.982074
1133 3463.577047
1134 3468.172020
1135 3472.766993
1136 3477.361966
1137 3481.956939
1138 3486.551912
1139 3491.146885
1140 3495.741858
1141 3500.336831
1142 3504.931804
1143 3509.526777
1144 3514.121750
1145 3518.716723
1146 3523.311696
1147 3527.906669
1148 3532.501642
1149 3537.096615
1150 3541.691588
1151 3546.286561
1152 3550.881534
1153 3555.476507
1154 3560.071480
1155 3564.666453
1156 3569.261426
1157 3573.856399
1158 3578.451372
1159 3583.046345
1160 3587.641318
1161 3592.236291
1162 3596.831264
1163 3601.426237
1164 3606.021210
1165 3610.616183
1166 3615.211156
1167 3619.806129
1168 3624.401102
1169 3628.996075
1170 3633.591048
1171 3638.186021
1172 3642.780994
1173 3647.375967
1174 3651.970940
1175 3656.565913
1176 3661.160886
1177 3665.755859
1178 3670.350832
1179 3674.945805
1180 3679.540778
1181 3684.135751
1182 3688.730724
1183 3693.325697
1184 3697.920670
1185 3702.515643
1186 3707.110616
1187 3711.705589
1188 3716.300562
1189 3720.895535
1190 3725.490508
1191 3730.085481
1192 3734.680453
1193 3739.275426
1194 3743.870399
1195 3748.465372
1196 3753.060345
1197 3757.655318
1198 3762.250291
1199 3766.845264
1200 3771.440237
1201 3776.035210
1202 3780.630183
1203 3785.225156
1204 3789.820129
1205 3794.415102
1206 3799.010075
1207 3803.605048
1208 3808.200021
1209 3812.794994
1210 3817.389967
1211 3821.984940
1212 3826.579913
1213 3831.174886
1214 3835.769859
1215 3840.364832
1216 3844.959805
1217 3849.554778
1218 3854.149751
1219 3858.744724
1220 3863.339697
1221 3867.934670
1222 3872.529643
1223 3877.124616
1224 3881.719589
1225 3886.314562
1226 3890.909535
1227 3895.504508
1228 3900.099481
1229 3904.694454
1230 3909.289427
1231 3913.884400
1232 3918.479373
1233 3923.074346
1234 3927.669319
1235 3932.264292
1236 3936.859265
1237 3941.454238
1238 3946.049211
1239 3950.644184
1240 3955.239157
1241 3959.834130
1242 3964.429103
1243 3969.024076
1244 3973.619049
1245 3978.214022
1246 3982.808995
1247 3987.403968
1248 3991.998941
1249 3996.593914
1250 4001.188887
1251 4005.783860
1252 4010.378833
1253 4014.973806
1254 4019.568779
1255 4024.163752
1256 4028.758725
1257 4033.353698
1258 4037.948671
1259 4042.543644
1260 4047.138617
1261 4051.733590
1262 4056.328563
1263 4060.923536
1264 4065.518509
1265 4070.113481
1266 4074.708454
1267 4079.303427
1268 4083.898400
1269 4088.493373
1270 4093.088346
1271 4097.683319
1272 4102.278292
1273 4106.873265
1274 4111.468238
1275 4116.063211
1276 4120.658184
1277 4125.253157
1278 4129.848130
1279 4134.443103
1280 4139.038076
1281 4143.633049
1282 4148.228022
1283 4152.822995
1284 4157.417968
1285 4162.012941
1286 4166.607914
1287 4171.202887
1288 4175.797860
1289 4180.392833
1290 4184.987806
1291 4189.582779
1292 4194.177752
1293 4198.772725
1294 4203.367698
1295 4207.962671
1296 4212.557644
1297 4217.152617
1298 4221.747590
1299 4226.342563
1300 4230.937536
1301 4235.532509
1302 4240.127482
1303 4244.722455
1304 4249.317428
1305 4253.912401
1306 4258.507374
1307 4263.102347
1308 4267.697320
1309 4272.292293
1310 4276.887266
1311 4281.482239
1312 4286.077212
1313 4290.672185
1314 4295.267158
1315 4299.862131
1316 4304.457104
1317 4309.052077
1318 4313.647050
1319 4318.242023
1320 4322.836996
1321 4327.431969
1322 4332.026942
1323 4336.621915
1324 4341.216888
1325 4345.811861
1326 4350.406834
1327 4355.001807
1328 4359.596780
1329 4364.191753
1330 4368.786726
1331 4373.381699
1332 4377.976672
1333 4382.571645
1334 4387.166618
1335 4391.761591
1336 4396.356564
1337 4400.951537
1338 4405.546509
1339 4410.141482
1340 4414.736455
1341 4419.331428
1342 4423.926401
1343 4428.521374
1344 4433.116347
1345 4437.711320
1346 4442.306293
1347 4446.901266
1348 4451.496239
1349 4456.091212
1350 4460.686185
1351 4465.281158
1352 4469.876131
1353 4474.471104
1354 4479.066077
1355 4483.661050
1356 4488.256023
1357 4492.850996
1358 4497.445969
1359 4502.040942
1360 4506.635915
1361 4511.230888
1362 4515.825861
1363 4520.420834
1364 4525.015807
1365 4529.610780
1366 4534.205753
1367 4538.800726
1368 4543.395699
1369 4547.990672
1370 4552.585645
1371 4557.180618
1372 4561.775591
1373 4566.370564
1374 4570.965537
1375 4575.560510
1376 4580.155483
1377 4584.750456
1378 4589.345429
1379 4593.940402
1380 4598.535375
1381 4603.130348
1382 4607.725321
1383 4612.320294
1384 4616.915267
1385 4621.510240
1386 4626.105213
1387 4630.700186
1388 4635.295159
1389 4639.890132
1390 4644.485105
1391 4649.080078
1392 4653.675051
1393 4658.270024
1394 4662.864997
1395 4667.459970
1396 4672.054943
1397 4676.649916
1398 4681.244889
1399 4685.839862
1400 4690.434835
1401 4695.029808
1402 4699.624781
1403 4704.219754
1404 4708.814727
1405 4713.409700
1406 4718.004673
1407 4722.599646
1408 4727.194619
1409 4731.789592
1410 4736.384565
1411 4740.979538
1412 4745.574510
1413 4750.169483
1414 4754.764456
1415 4759.359429
1416 4763.954402
1417 4768.549375
1418 4773.144348
1419 4777.739321
1420 4782.334294
1421 4786.929267
1422 4791.524240
1423 4796.119213
1424 4800.714186
1425 4805.309159
1426 4809.904132
1427 4814.499105
1428 4819.094078
1429 4823.689051
1430 4828.284024
1431 4832.878997
1432 4837.473970
1433 4842.068943
1434 4846.663916
1435 4851.258889
1436 4855.853862
1437 4860.448835
1438 4865.043808
1439 4869.638781
1440 4874.233754
1441 4878.828727
1442 4883.423700
1443 4888.018673
1444 4892.613646
1445 4897.208619
1446 4901.803592
1447 4906.398565
1448 4910.993538
1449 4915.588511
1450 4920.183484
1451 4924.778457
1452 4929.373430
1453 4933.968403
1454 4938.563376
1455 4943.158349
1456 4947.753322
1457 4952.348295
1458 4956.943268
1459 4961.538241
1460 4966.133214
1461 4970.728187
1462 4975.323160
1463 4979.918133
1464 4984.513106
1465 4989.108079
1466 4993.703052
1467 4998.298025
1468 5002.892998
1469 5007.487971
1470 5012.082944
1471 5016.677917
1472 5021.272890
1473 5025.867863
1474 5030.462836
1475 5035.057809
1476 5039.652782
1477 5044.247755
1478 5048.842728
1479 5053.437701
1480 5058.032674
1481 5062.627647
1482 5067.222620
1483 5071.817593
1484 5076.412566
1485 5081.007538
1486 5085.602511
1487 5090.197484
1488 5094.792457
1489 5099.387430
1490 5103.982403
1491 5108.577376
1492 5113.172349
1493 5117.767322
1494 5122.362295
1495 5126.957268
1496 5131.552241
1497 5136.147214
1498 5140.742187
1499 5145.337160
1500 5149.932133
1501 5154.527106
1502 5159.122079
1503 5163.717052
1504 5168.312025
1505 5172.906998
1506 5177.501971
1507 5182.096944
1508 5186.691917
1509 5191.286890
1510 5195.881863
1511 5200.476836
1512 5205.071809
1513 5209.666782
1514 5214.261755
1515 5218.856728
1516 5223.451701
1517 5228.046674
1518 5232.641647
1519 5237.236620
1520 5241.831593
1521 5246.426566
1522 5251.021539
1523 5255.616512
1524 5260.211485
1525 5264.806458
1526 5269.401431
1527 5273.996404
1528 5278.591377
1529 5283.186350
1530 5287.781323
1531 5292.376296
1532 5296.971269
1533 5301.566242
1534 5306.161215
1535 5310.756188
1536 5315.351161
1537 5319.946134
1538 5324.541107
1539 5329.136080
1540 5333.731053
1541 5338.326026
1542 5342.920999
1543 5347.515972
1544 5352.110945
1545 5356.705918
1546 5361.300891
1547 5365.895864
1548 5370.490837
1549 5375.085810
1550 5379.680783
1551 5384.275756
1552 5388.870729
1553 5393.465702
1554 5398.060675
1555 5402.655648
1556 5407.250621
1557 5411.845594
1558 5416.440566
1559 5421.035539
1560 5425.630512
1561 5430.225485
1562 5434.820458
1563 5439.415431
1564 5444.010404
1565 5448.605377
1566 5453.200350
1567 5457.795323
1568 5462.390296
1569 5466.985269
1570 5471.580242
1571 5476.175215
1572 5480.770188
1573 5485.365161
1574 5489.960134
1575 5494.555107
1576 5499.150080
1577 5503.745053
1578 5508.340026
1579 5512.934999
1580 5517.529972
1581 5522.124945
1582 5526.719918
1583 5531.314891
1584 5535.909864
1585 5540.504837
1586 5545.099810
1587 5549.694783
1588 5554.289756
1589 5558.884729
1590 5563.479702
1591 5568.074675
1592 5572.669648
1593 5577.264621
1594 5581.859594
1595 5586.454567
1596 5591.049540
1597 5595.644513
1598 5600.239486
1599 5604.834459
1600 5609.429432
1601 5614.024405
1602 5618.619378
1603 5623.214351
1604 5627.809324
1605 5632.404297
1606 5636.999270
1607 5641.594243
1608 5646.189216
1609 5650.784189
1610 5655.379162
1611 5659.974135
1612 5664.569108
1613 5669.164081
1614 5673.759054
1615 5678.354027
1616 5682.949000
1617 5687.543973
1618 5692.138946
1619 5696.733919
1620 5701.328892
1621 5705.923865
1622 5710.518838
1623 5715.113811
1624 5719.708784
1625 5724.303757
1626 5728.898730
1627 5733.493703
1628 5738.088676
1629 5742.683649
1630 5747.278622
1631 5751.873594
1632 5756.468567
1633 5761.063540
1634 5765.658513
1635 5770.253486
1636 5774.848459
1637 5779.443432
1638 5784.038405
1639 5788.633378
1640 5793.228351
1641 5797.823324
1642 5802.418297
1643 5807.013270
1644 5811.608243
1645 5816.203216
1646 5820.798189
1647 5825.393162
1648 5829.988135
1649 5834.583108
1650 5839.178081
1651 5843.773054
1652 5848.368027
1653 5852.963000
1654 5857.557973
1655 5862.152946
1656 5866.747919
1657 5871.342892
1658 5875.937865
1659 5880.532838
1660 5885.127811
1661 5889.722784
1662 5894.317757
1663 5898.912730
1664 5903.507703
1665 5908.102676
1666 5912.697649
1667 5917.292622
1668 5921.887595
1669 5926.482568
1670 5931.077541
1671 5935.672514
1672 5940.267487
1673 5944.862460
1674 5949.457433
1675 5954.052406
1676 5958.647379
1677 5963.242352
1678 5967.837325
1679 5972.432298
1680 5977.027271
1681 5981.622244
1682 5986.217217
1683 5990.812190
1684 5995.407163
1685 6000.002136
1686 6004.597109
1687 6009.192082
1688 6013.787055
1689 6018.382028
1690 6022.977001
1691 6027.571974
1692 6032.166947
1693 6036.761920
1694 6041.356893
1695 6045.951866
1696 6050.546839
1697 6055.141812
1698 6059.736785
1699 6064.331758
1700 6068.926731
1701 6073.521704
1702 6078.116677
1703 6082.711650
1704 6087.306623
1705 6091.901595
1706 6096.496568
1707 6101.091541
1708 6105.686514
1709 6110.281487
1710 6114.876460
1711 6119.471433
1712 6124.066406
1713 6128.661379
1714 6133.256352
1715 6137.851325
1716 6142.446298
1717 6147.041271
1718 6151.636244
1719 6156.231217
1720 6160.826190
1721 6165.421163
1722 6170.016136
1723 6174.611109
1724 6179.206082
1725 6183.801055
1726 6188.396028
1727 6192.991001
1728 6197.585974
1729 6202.180947
1730 6206.775920
1731 6211.370893
1732 6215.965866
1733 6220.560839
1734 6225.155812
1735 6229.750785
1736 6234.345758
1737 6238.940731
1738 6243.535704
1739 6248.130677
1740 6252.725650
1741 6257.320623
1742 6261.915596
1743 6266.510569
1744 6271.105542
1745 6275.700515
1746 6280.295488
1747 6284.890461
1748 6289.485434
1749 6294.080407
1750 6298.675380
1751 6303.270353
1752 6307.865326
1753 6312.460299
1754 6317.055272
1755 6321.650245
1756 6326.245218
1757 6330.840191
1758 6335.435164
1759 6340.030137
1760 6344.625110
1761 6349.220083
1762 6353.815056
1763 6358.410029
1764 6363.005002
1765 6367.599975
1766 6372.194948
1767 6376.789921
1768 6381.384894
1769 6385.979867
1770 6390.574840
1771 6395.169813
1772 6399.764786
1773 6404.359759
1774 6408.954732
1775 6413.549705
1776 6418.144678
1777 6422.739651
1778 6427.334623
1779 6431.929596
1780 6436.524569
1781 6441.119542
1782 6445.714515
1783 6450.309488
1784 6454.904461
1785 6459.499434
1786 6464.094407
1787 6468.689380
1788 6473.284353
1789 6477.879326
1790 6482.474299
1791 6487.069272
1792 6491.664245
1793 6496.259218
1794 6500.854191
1795 6505.449164
1796 6510.044137
1797 6514.639110
1798 6519.234083
1799 6523.829056
1800 6528.424029
1801 6533.019002
1802 6537.613975
1803 6542.208948
1804 6546.803921
1805 6551.398894
1806 6555.993867
1807 6560.588840
1808 6565.183813
1809 6569.778786
1810 6574.373759
1811 6578.968732
1812 6583.563705
1813 6588.158678
1814 6592.753651
1815 6597.348624
1816 6601.943597
1817 6606.538570
1818 6611.133543
1819 6615.728516
1820 6620.323489
1821 6624.918462
1822 6629.513435
1823 6634.108408
1824 6638.703381
1825 6643.298354
1826 6647.893327
1827 6652.488300
1828 6657.083273
1829 6661.678246
1830 6666.273219
1831 6670.868192
1832 6675.463165
1833 6680.058138
1834 6684.653111
1835 6689.248084
1836 6693.843057
1837 6698.438030
1838 6703.033003
1839 6707.627976
1840 6712.222949
1841 6716.817922
1842 6721.412895
1843 6726.007868
1844 6730.602841
1845 6735.197814
1846 6739.792787
1847 6744.387760
1848 6748.982733
1849 6753.577706
1850 6758.172679
1851 6762.767651
1852 6767.362624
1853 6771.957597
1854 6776.552570
1855 6781.147543
1856 6785.742516
1857 6790.337489
1858 6794.932462
1859 6799.527435
1860 6804.122408
1861 6808.717381
1862 6813.312354
1863 6817.907327
1864 6822.502300
1865 6827.097273
1866 6831.692246
1867 6836.287219
1868 6840.882192
1869 6845.477165
1870 6850.072138
1871 6854.667111
1872 6859.262084
1873 6863.857057
1874 6868.452030
1875 6873.047003
1876 6877.641976
1877 6882.236949
1878 6886.831922
1879 6891.426895
1880 6896.021868
1881 6900.616841
1882 6905.211814
1883 6909.806787
1884 6914.401760
1885 6918.996733
1886 6923.591706
1887 6928.186679
1888 6932.781652
1889 6937.376625
1890 6941.971598
1891 6946.566571
1892 6951.161544
1893 6955.756517
1894 6960.351490
1895 6964.946463
1896 6969.541436
1897 6974.136409
1898 6978.731382
1899 6983.326355
1900 6987.921328
1901 6992.516301
1902 6997.111274
1903 7001.706247
1904 7006.301220
1905 7010.896193
1906 7015.491166
1907 7020.086139
1908 7024.681112
1909 7029.276085
1910 7033.871058
1911 7038.466031
1912 7043.061004
1913 7047.655977
1914 7052.250950
1915 7056.845923
1916 7061.440896
1917 7066.035869
1918 7070.630842
1919 7075.225815
1920 7079.820788
1921 7084.415761
1922 7089.010734
1923 7093.605707
1924 7098.200680
1925 7102.795652
1926 7107.390625
1927 7111.985598
1928 7116.580571
1929 7121.175544
1930 7125.770517
1931 7130.365490
1932 7134.960463
1933 7139.555436
1934 7144.150409
1935 7148.745382
1936 7153.340355
1937 7157.935328
1938 7162.530301
1939 7167.125274
1940 7171.720247
1941 7176.315220
1942 7180.910193
1943 7185.505166
1944 7190.100139
1945 7194.695112
1946 7199.290085
1947 7203.885058
1948 7208.480031
1949 7213.075004
1950 7217.669977
1951 7222.264950
1952 7226.859923
1953 7231.454896
1954 7236.049869
1955 7240.644842
1956 7245.239815
1957 7249.834788
1958 7254.429761
1959 7259.024734
1960 7263.619707
1961 7268.214680
1962 7272.809653
1963 7277.404626
1964 7281.999599
1965 7286.594572
1966 7291.189545
1967 7295.784518
1968 7300.379491
1969 7304.974464
1970 7309.569437
1971 7314.164410
1972 7318.759383
1973 7323.354356
1974 7327.949329
1975 7332.544302
1976 7337.139275
1977 7341.734248
1978 7346.329221
1979 7350.924194
1980 7355.519167
1981 7360.114140
1982 7364.709113
1983 7369.304086
1984 7373.899059
1985 7378.494032
1986 7383.089005
1987 7387.683978
1988 7392.278951
1989 7396.873924
1990 7401.468897
1991 7406.063870
1992 7410.658843
1993 7415.253816
1994 7419.848789
1995 7424.443762
1996 7429.038735
1997 7433.633708
1998 7438.228680
1999 7442.823653
2000 7447.418626
2001 7452.013599
2002 7456.608572
2003 7461.203545
2004 7465.798518
2005 7470.393491
2006 7474.988464
2007 7479.583437
2008 7484.178410
2009 7488.773383
2010 7493.368356
2011 7497.963329
2012 7502.558302
2013 7507.153275
2014 7511.748248
2015 7516.343221
2016 7520.938194
2017 7525.533167
2018 7530.128140
2019 7534.723113
2020 7539.318086
2021 7543.913059
2022 7548.508032
2023 7553.103005
2024 7557.697978
2025 7562.292951
2026 7566.887924
2027 7571.482897
2028 7576.077870
2029 7580.672843
2030 7585.267816
2031 7589.862789
2032 7594.457762
2033 7599.052735
2034 7603.647708
2035 7608.242681
2036 7612.837654
2037 7617.432627
2038 7622.027600
2039 7626.622573
2040 7631.217546
2041 7635.812519
2042 7640.407492
2043 7645.002465
2044 7649.597438
2045 7654.192411
2046 7658.787384
2047 7663.382357
2048 7667.977330
2049 7672.572303
2050 7677.167276
2051 7681.762249
2052 7686.357222
2053 7690.952195
2054 7695.547168
2055 7700.142141
2056 7704.737114
2057 7709.332087
2058 7713.927060
2059 7718.522033
2060 7723.117006
2061 7727.711979
2062 7732.306952
2063 7736.901925
2064 7741.496898
2065 7746.091871
2066 7750.686844
2067 7755.281817
2068 7759.876790
2069 7764.471763
2070 7769.066736
2071 7773.661708
2072 7778.256681
2073 7782.851654
2074 7787.446627
2075 7792.041600
2076 7796.636573
2077 7801.231546
2078 7805.826519
2079 7810.421492
2080 7815.016465
2081 7819.611438
2082 7824.206411
2083 7828.801384
2084 7833.396357
2085 7837.991330
2086 7842.586303
2087 7847.181276
2088 7851.776249
2089 7856.371222
2090 7860.966195
2091 7865.561168
2092 7870.156141
2093 7874.751114
2094 7879.346087
2095 7883.941060
2096 7888.536033
2097 7893.131006
2098 7897.725979
2099 7902.320952
2100 7906.915925
2101 7911.510898
2102 7916.105871
2103 7920.700844
2104 7925.295817
2105 7929.890790
2106 7934.485763
2107 7939.080736
2108 7943.675709
2109 7948.270682
2110 7952.865655
2111 7957.460628
2112 7962.055601
2113 7966.650574
2114 7971.245547
2115 7975.840520
2116 7980.435493
2117 7985.030466
2118 7989.625439
2119 7994.220412
2120 7998.815385
2121 8003.410358
2122 8008.005331
2123 8012.600304
2124 8017.195277
2125 8021.790250
2126 8026.385223
2127 8030.980196
2128 8035.575169
2129 8040.170142
2130 8044.765115
2131 8049.360088
2132 8053.955061
2133 8058.550034
2134 8063.145007
2135 8067.739980
2136 8072.334953
2137 8076.929926
2138 8081.524899
2139 8086.119872
2140 8090.714845
2141 8095.309818
2142 8099.904791
2143 8104.499764
2144 8109.094737
2145 8113.689709
2146 8118.284682
2147 8122.879655
2148 8127.474628
2149 8132.069601
2150 8136.664574
2151 8141.259547
2152 8145.854520
2153 8150.449493
2154 8155.044466
2155 8159.639439
2156 8164.234412
2157 8168.829385
2158 8173.424358
2159 8178.019331
2160 8182.614304
2161 8187.209277
2162 8191.804250
2163 8196.399223
2164 8200.994196
2165 8205.589169
2166 8210.184142
2167 8214.779115
2168 8219.374088
2169 8223.969061
2170 8228.564034
2171 8233.159007
2172 8237.753980
2173 8242.348953
2174 8246.943926
2175 8251.538899
2176 8256.133872
2177 8260.728845
2178 8265.323818
2179 8269.918791
2180 8274.513764
2181 8279.108737
2182 8283.703710
2183 8288.298683
2184 8292.893656
2185 8297.488629
2186 8302.083602
2187 8306.678575
2188 8311.273548
2189 8315.868521
2190 8320.463494
2191 8325.058467
2192 8329.653440
2193 8334.248413
2194 8338.843386
2195 8343.438359
2196 8348.033332
2197 8352.628305
2198 8357.223278
2199 8361.818251
2200 8366.413224
2201 8371.008197
2202 8375.603170
2203 8380.198143
2204 8384.793116
2205 8389.388089
2206 8393.983062
2207 8398.578035
2208 8403.173008
2209 8407.767981
2210 8412.362954
2211 8416.957927
2212 8421.552900
2213 8426.147873
2214 8430.742846
2215 8435.337819
2216 8439.932792
2217 8444.527765
2218 8449.122737
2219 8453.717710
2220 8458.312683
2221 8462.907656
2222 8467.502629
2223 8472.097602
2224 8476.692575
2225 8481.287548
2226 8485.882521
2227 8490.477494
2228 8495.072467
2229 8499.667440
2230 8504.262413
2231 8508.857386
2232 8513.452359
2233 8518.047332
2234 8522.642305
2235 8527.237278
2236 8531.832251
2237 8536.427224
2238 8541.022197
2239 8545.617170
2240 8550.212143
2241 8554.807116
2242 8559.402089
2243 8563.997062
2244 8568.592035
2245 8573.187008
2246 8577.781981
2247 8582.376954
2248 8586.971927
2249 8591.566900
2250 8596.161873
2251 8600.756846
2252 8605.351819
2253 8609.946792
2254 8614.541765
2255 8619.136738
2256 8623.731711
2257 8628.326684
2258 8632.921657
2259 8637.516630
2260 8642.111603
2261 8646.706576
2262 8651.301549
2263 8655.896522
2264 8660.491495
2265 8665.086468
2266 8669.681441
2267 8674.276414
2268 8678.871387
2269 8683.466360
2270 8688.061333
2271 8692.656306
2272 8697.251279
2273 8701.846252
2274 8706.441225
2275 8711.036198
2276 8715.631171
2277 8720.226144
2278 8724.821117
2279 8729.416090
2280 8734.011063
2281 8738.606036
2282 8743.201009
2283 8747.795982
2284 8752.390955
2285 8756.985928
2286 8761.580901
2287 8766.175874
2288 8770.770847
2289 8775.365820
2290 8779.960793
2291 8784.555765
2292 8789.150738
2293 8793.745711
2294 8798.340684
2295 8802.935657
2296 8807.530630
2297 8812.125603
2298 8816.720576
2299 8821.315549
2300 8825.910522
2301 8830.505495
2302 8835.100468
2303 8839.695441
2304 8844.290414
2305 8848.885387
2306 8853.480360
2307 8858.075333
2308 8862.670306
2309 8867.265279
2310 8871.860252
2311 8876.455225
2312 8881.050198
2313 8885.645171
2314 8890.240144
2315 8894.835117
2316 8899.430090
2317 8904.025063
2318 8908.620036
2319 8913.215009
2320 8917.809982
2321 8922.404955
2322 8926.999928
2323 8931.594901
2324 8936.189874
2325 8940.784847
2326 8945.379820
2327 8949.974793
2328 8954.569766
2329 8959.164739
2330 8963.759712
2331 8968.354685
2332 8972.949658
2333 8977.544631
2334 8982.139604
2335 8986.734577
2336 8991.329550
2337 8995.924523
2338 9000.519496
2339 9005.114469
2340 9009.709442
2341 9014.304415
2342 9018.899388
2343 9023.494361
2344 9028.089334
2345 9032.684307
2346 9037.279280
2347 9041.874253
2348 9046.469226
2349 9051.064199
2350 9055.659172
2351 9060.254145
2352 9064.849118
2353 9069.444091
2354 9074.039064
2355 9078.634037
2356 9083.229010
2357 9087.823983
2358 9092.418956
2359 9097.013929
2360 9101.608902
2361 9106.203875
2362 9110.798848
2363 9115.393821
2364 9119.988793
2365 9124.583766
2366 9129.178739
2367 9133.773712
2368 9138.368685
2369 9142.963658
2370 9147.558631
2371 9152.153604
2372 9156.748577
2373 9161.343550
2374 9165.938523
2375 9170.533496
2376 9175.128469
2377 9179.723442
2378 9184.318415
2379 9188.913388
2380 9193.508361
2381 9198.103334
2382 9202.698307
2383 9207.293280
2384 9211.888253
2385 9216.483226
2386 9221.078199
2387 9225.673172
2388 9230.268145
2389 9234.863118
2390 9239.458091
2391 9244.053064
2392 9248.648037
2393 9253.243010
2394 9257.837983
2395 9262.432956
2396 9267.027929
2397 9271.622902
2398 9276.217875
2399 9280.812848
2400 9285.407821
2401 9290.002794
2402 9294.597767
2403 9299.192740
2404 9303.787713
2405 9308.382686
2406 9312.977659
2407 9317.572632
2408 9322.167605
2409 9326.762578
2410 9331.357551
2411 9335.952524
2412 9340.547497
2413 9345.142470
2414 9349.737443
2415 9354.332416
2416 9358.927389
2417 9363.522362
2418 9368.117335
2419 9372.712308
2420 9377.307281
2421 9381.902254
2422 9386.497227
2423 9391.092200
2424 9395.687173
2425 9400.282146
2426 9404.877119
2427 9409.472092
2428 9414.067065
2429 9418.662038
2430 9423.257011
2431 9427.851984
2432 9432.446957
2433 9437.041930
2434 9441.636903
2435 9446.231876
2436 9450.826849
2437 9455.421822
2438 9460.016794
2439 9464.611767
2440 9469.206740
2441 9473.801713
2442 9478.396686
2443 9482.991659
2444 9487.586632
2445 9492.181605
2446 9496.776578
2447 9501.371551
2448 9505.966524
2449 9510.561497
2450 9515.156470
2451 9519.751443
2452 9524.346416
2453 9528.941389
2454 9533.536362
2455 9538.131335
2456 9542.726308
2457 9547.321281
2458 9551.916254
2459 9556.511227
2460 9561.106200
2461 9565.701173
2462 9570.296146
2463 9574.891119
2464 9579.486092
2465 9584.081065
2466 9588.676038
2467 9593.271011
2468 9597.865984
2469 9602.460957
2470 9607.055930
2471 9611.650903
2472 9616.245876
2473 9620.840849
2474 9625.435822
2475 9630.030795
2476 9634.625768
2477 9639.220741
2478 9643.815714
2479 9648.410687
2480 9653.005660
2481 9657.600633
2482 9662.195606
2483 9666.790579
2484 9671.385552
2485 9675.980525
2486 9680.575498
2487 9685.170471
2488 9689.765444
2489 9694.360417
2490 9698.955390
2491 9703.550363
2492 9708.145336
2493 9712.740309
2494 9717.335282
2495 9721.930255
2496 9726.525228
2497 9731.120201
2498 9735.715174
2499 9740.310147
2500 9744.905120
2501 9749.500093
2502 9754.095066
2503 9758.690039
2504 9763.285012
2505 9767.879985
2506 9772.474958
2507 9777.069931
2508 9781.664904
2509 9786.259877
2510 9790.854850
2511 9795.449822
2512 9800.044795
2513 9804.639768
2514 9809.234741
2515 9813.829714
2516 9818.424687
2517 9823.019660
2518 9827.614633
2519 9832.209606
2520 9836.804579
2521 9841.399552
2522 9845.994525
2523 9850.589498
2524 9855.184471
2525 9859.779444
2526 9864.374417
2527 9868.969390
2528 9873.564363
2529 9878.159336
2530 9882.754309
2531 9887.349282
2532 9891.944255
2533 9896.539228
2534 9901.134201
2535 9905.729174
2536 9910.324147
2537 9914.919120
2538 9919.514093
2539 9924.109066
2540 9928.704039
2541 9933.299012
2542 9937.893985
2543 9942.488958
2544 9947.083931
2545 9951.678904
2546 9956.273877
2547 9960.868850
2548 9965.463823
2549 9970.058796
2550 9974.653769
2551 9979.248742
2552 9983.843715
2553 9988.438688
2554 9993.033661
2555 9997.628634
2556 10002.223607
2557 10006.818580
2558 10011.413553
2559 10016.008526
2560 10020.603499
2561 10025.198472
2562 10029.793445
2563 10034.388418
2564 10038.983391
2565 10043.578364
2566 10048.173337
2567 10052.768310
2568 10057.363283
2569 10061.958256
2570 10066.553229
2571 10071.148202
2572 10075.743175
2573 10080.338148
2574 10084.933121
2575 10089.528094
2576 10094.123067
2577 10098.718040
2578 10103.313013
2579 10107.907986
2580 10112.502959
2581 10117.097932
2582 10121.692905
2583 10126.287878
2584 10130.882851
2585 10135.477823
2586 10140.072796
2587 10144.667769
2588 10149.262742
2589 10153.857715
2590 10158.452688
2591 10163.047661
2592 10167.642634
2593 10172.237607
2594 10176.832580
2595 10181.427553
2596 10186.022526
2597 10190.617499
2598 10195.212472
2599 10199.807445
2600 10204.402418
2601 10208.997391
2602 10213.592364
2603 10218.187337
2604 10222.782310
2605 10227.377283
2606 10231.972256
2607 10236.567229
2608 10241.162202
2609 10245.757175
2610 10250.352148
2611 10254.947121
2612 10259.542094
2613 10264.137067
2614 10268.732040
2615 10273.327013
2616 10277.921986
2617 10282.516959
2618 10287.111932
2619 10291.706905
2620 10296.301878
2621 10300.896851
2622 10305.491824
2623 10310.086797
2624 10314.681770
2625 10319.276743
2626 10323.871716
2627 10328.466689
2628 10333.061662
2629 10337.656635
2630 10342.251608
2631 10346.846581
2632 10351.441554
2633 10356.036527
2634 10360.631500
2635 10365.226473
2636 10369.821446
2637 10374.416419
2638 10379.011392
2639 10383.606365
2640 10388.201338
2641 10392.796311
2642 10397.391284
2643 10401.986257
2644 10406.581230
2645 10411.176203
2646 10415.771176
2647 10420.366149
2648 10424.961122
2649 10429.556095
2650 10434.151068
2651 10438.746041
2652 10443.341014
2653 10447.935987
2654 10452.530960
2655 10457.125933
2656 10461.720906
2657 10466.315878
2658 10470.910851
2659 10475.505824
2660 10480.100797
2661 10484.695770
2662 10489.290743
2663 10493.885716
2664 10498.480689
2665 10503.075662
2666 10507.670635
2667 10512.265608
2668 10516.860581
2669 10521.455554
2670 10526.050527
2671 10530.645500
2672 10535.240473
2673 10539.835446
2674 10544.430419
2675 10549.025392
2676 10553.620365
2677 10558.215338
2678 10562.810311
2679 10567.405284
2680 10572.000257
2681 10576.595230
2682 10581.190203
2683 10585.785176
2684 10590.380149
2685 10594.975122
2686 10599.570095
2687 10604.165068
2688 10608.760041
2689 10613.355014
2690 10617.949987
2691 10622.544960
2692 10627.139933
2693 10631.734906
2694 10636.329879
2695 10640.924852
2696 10645.519825
2697 10650.114798
2698 10654.709771
2699 10659.304744
2700 10663.899717
2701 10668.494690
2702 10673.089663
2703 10677.684636
2704 10682.279609
2705 10686.874582
2706 10691.469555
2707 10696.064528
2708 10700.659501
2709 10705.254474
2710 10709.849447
2711 10714.444420
2712 10719.039393
2713 10723.634366
2714 10728.229339
2715 10732.824312
2716 10737.419285
2717 10742.014258
2718 10746.609231
2719 10751.204204
2720 10755.799177
2721 10760.394150
2722 10764.989123
2723 10769.584096
2724 10774.179069
2725 10778.774042
2726 10783.369015
2727 10787.963988
2728 10792.558961
2729 10797.153934
2730 10801.748907
2731 10806.343879
2732 10810.938852
2733 10815.533825
2734 10820.128798
2735 10824.723771
2736 10829.318744
2737 10833.913717
2738 10838.508690
2739 10843.103663
2740 10847.698636
2741 10852.293609
2742 10856.888582
2743 10861.483555
2744 10866.078528
2745 10870.673501
2746 10875.268474
2747 10879.863447
2748 10884.458420
2749 10889.053393
2750 10893.648366
2751 10898.243339
2752 10902.838312
2753 10907.433285
2754 10912.028258
2755 10916.623231
2756 10921.218204
2757 10925.813177
2758 10930.408150
2759 10935.003123
2760 10939.598096
2761 10944.193069
2762 10948.788042
2763 10953.383015
2764 10957.977988
2765 10962.572961
2766 10967.627431
2767 10972.681902
2768 10977.736372
2769 10982.790842
2770 10987.845312
2771 10993.405230
2772 10998.965147
2773 11004.525064
2774 11010.084982
2775 11015.644899
2776 11021.204816
2777 11026.764734
2778 11032.324651
2779 11037.884568
2780 11043.444486
2781 11049.004403
2782 11054.564320
2783 11060.124238
2784 11065.684155
2785 11071.244072
2786 11076.803989
2787 11082.363907
2788 11087.923824
2789 11093.483741
2790 11099.043659
2791 11104.603576
2792 11110.163493
2793 11115.723411
2794 11121.283328
2795 11126.843245
2796 11132.403163
2797 11137.963080
2798 11143.522997
2799 11149.082915
2800 11154.642832
2801 11160.202749
2802 11165.762666
2803 11171.322584
2804 11176.882501
2805 11182.442418
2806 11188.002336
2807 11193.562253
2808 11199.122170
2809 11204.682088
2810 11210.242005
2811 11215.801922
2812 11221.361840
2813 11226.921757
2814 11232.481674
2815 11238.041592
2816 11243.601509
2817 11249.161426
2818 11254.721343
2819 11260.281261
2820 11265.841178
2821 11271.401095
2822 11277.517004
2823 11283.632914
2824 11289.748823
2825 11296.476323
2826 11303.203822
2827 11309.931322
2828 11317.331572
2829 11324.731822
2830 11332.872097
2831 11341.012372
2832 11349.966675
2833 11358.920977
2834 11368.770710
2835 11378.770710
2836 11388.770710
2837 11398.770710
2838 11408.770710
2839 11418.770710
2840 11428.770710
2841 11438.770710
2842 11448.770710
2843 11458.770710
2844 11468.770710
2845 11478.770710
2846 11488.770710
2847 11498.770710
2848 11508.770710
2849 11518.770710
2850 11528.770710
2851 11538.770710
2852 11548.770710
2853 11558.770710
2854 11568.770710
2855 11578.770710
2856 11588.770710
2857 11598.770710
2858 11608.770710
2859 11618.770710
2860 11628.770710
2861 11638.770710
2862 11648.770710
2863 11658.770710
2864 11668.770710
2865 11678.770710
2866 11688.770710
2867 11698.770710
2868 11708.770710
2869 11718.770710
2870 11728.770710
2871 11738.770710
2872 11748.770710
2873 11758.770710
2874 11768.770710
2875 11778.770710
2876 11788.770710
2877 11798.770710
2878 11808.770710
2879 11818.770710
2880 11828.770710
2881 11838.770710
2882 11848.770710
2883 11858.770710
2884 11868.770710
2885 11878.770710
2886 11888.770710
2887 11898.770710
2888 11908.770710
2889 11918.770710
2890 11928.770710
2891 11938.770710
2892 11948.770710
2893 11958.770710
2894 11968.770710
2895 11978.770710
2896 11988.770710
2897 11998.770710
2898 12008.770710
2899 12018.770710
2900 12028.770710
2901 12038.770710
2902 12048.770710
2903 12058.770710
2904 12068.770710
2905 12078.770710
2906 12088.770710
2907 12098.770710
2908 12108.770710
2909 12118.770710
2910 12128.770710
2911 12138.770710
2912 12148.770710
2913 12158.770710
2914 12168.770710
2915 12178.770710
2916 12188.770710
2917 12198.770710
2918 12208.770710
2919 12218.770710
2920 12228.770710
2921 12238.770710
2922 12248.770710
2923 12258.770710
2924 12268.770710
2925 12278.770710
2926 12288.770710
2927 12298.770710
2928 12308.770710
2929 12318.770710
2930 12328.770710
2931 12338.770710
2932 12348.770710
2933 12358.770710
2934 12368.770710
2935 12378.770710
2936 12388.770710
2937 12398.770710
2938 12408.770710
2939 12418.770710
2940 12428.770710
2941 12438.770710
2942 12448.770710
2943 12458.770710
2944 12468.770710
2945 12478.770710
2946 12488.770710
2947 12498.770710
2948 12508.770710
2949 12518.770710
2950 12528.770710
2951 12538.770710
2952 12548.770710
2953 12558.770710
2954 12568.770710
2955 12578.770710
2956 12588.770710
2957 12598.770710
2958 12608.770710
2959 12618.770710
2960 12628.770710
2961 12638.770710
2962 12648.770710
2963 12658.770710
2964 12668.770710
2965 12678.770710
2966 12688.770710
2967 12698.770710
2968 12708.770710
2969 12718.770710
2970 12728.770710
2971 12738.770710
2972 12748.770710
2973 12758.770710
2974 12768.770710
2975 12778.770710
2976 12788.770710
2977 12798.770710
2978 12808.770710
2979 12818.770710
2980 12828.770710
2981 12838.770710
2982 12848.770710
2983 12858.770710
2984 12868.770710
2985 12878.770710
2986 12888.770710
2987 12898.770710
2988 12908.770710
2989 12918.770710
2990 12928.770710
2991 12938.770710
2992 12948.770710
2993 12958.770710
2994 12968.770710
2995 12978.770710
2996 12988.770710
2997 12998.770710
2998 13008.770710
2999 13018.770710
3000 13028.770710
3001 13038.770710
3002 13048.770710
3003 13058.770710
3004 13068.770710
3005 13078.770710
3006 13088.770710
3007 13098.770710
3008 13108.770710
3009 13118.770710
3010 13128.770710
3011 13138.770710
3012 13148.770710
3013 13158.770710
3014 13168.770710
3015 13179.770710
3016 13190.770710
3017 13201.770710
3018 13212.770710
3019 13223.770710
3020 13234.770710
3021 13245.770710
3022 13256.770710
3023 13268.870710
3024 13282.180710
3025 13296.821710
3026 13312.926810
3027 13330.642420
3028 13350.129591
3029 13371.565479
3030 13395.144956
3031 13421.082380
3032 13449.613547
3033 13480.997831
3034 13515.520543
3035 13553.495527
3036 13595.268008
3037 13641.217738
3038 13691.217738
3039 13741.217738
3040 13791.217738
3041 13841.217738
3042 13891.217738
3043 13941.217738
3044 13991.217738
3045 14041.217738
3046 14091.217738
3047 14141.217738
3048 14191.217738
3049 14241.217738
3050 14291.217738
3051 14341.217738
3052 14391.217738
3053 14441.217738
3054 14491.217738
3055 14541.217738
3056 14591.217738
3057 14641.217738
3058 14691.217738
3059 14741.217738
3060 14791.217738
3061 14841.217738
3062 14891.217738
3063 14941.217738
3064 14991.217738
3065 15041.217738
3066 15091.217738
3067 15141.217738
3068 15191.217738
3069 15241.217738
3070 15291.217738
3071 15341.217738
3072 15391.217738
3073 15441.217738
3074 15491.217738
3075 15541.217738
3076 15591.217738
3077 15641.217738
3078 15691.217738
3079 15741.217738
3080 15791.217738
3081 15841.217738
3082 15891.217738
3083 15941.217738
3084 15991.217738
3085 16041.217738
3086 16091.217738
3087 16141.217738
3088 16191.217738
3089 16241.217738
3090 16291.217738
3091 16341.217738
3092 16391.217738
3093 16441.217738
3094 16491.217738
3095 16541.217738
3096 16591.217738
3097 16641.217738
3098 16691.217738
3099 16741.217738
3100 16791.217738
3101 16841.217738
3102 16891.217738
3103 16941.217738
3104 16991.217738
3105 17041.217738
3106 17091.217738
3107 17141.217738
3108 17191.217738
3109 17241.217738
3110 17291.217738
3111 17341.217738
3112 17391.217738
3113 17441.217738
3114 17491.217738
3115 17541.217738
3116 17591.217738
3117 17641.217738
3118 17691.217738
3119 17741.217738
3120 17791.217738
3121 17841.217738
3122 17891.217738
3123 17941.217738
3124 17991.217738
3125 18041.217738
3126 18091.217738
3127 18141.217738
3128 18191.217738
3129 18241.217738
3130 18291.217738
3131 18341.217738
3132 18391.217738
3133 18441.217738
3134 18491.217738
3135 18541.217738
3136 18591.217738
3137 18641.217738
3138 18691.217738
3139 18741.217738
3140 18791.217738
3141 18841.217738
3142 18891.217738
3143 18941.217738
3144 18991.217738
3145 19041.217738
3146 19091.217738
3147 19141.217738
3148 19191.217738
3149 19241.217738
3150 19291.217738
3151 19341.217738
3152 19391.217738
3153 19441.217738
3154 19491.217738
3155 19541.217738
3156 19591.217738
3157 19641.217738
3158 19691.217738
3159 19741.217738
3160 19791.217738
3161 19841.217738
3162 19891.217738
3163 19941.217738
3164 19991.217738
3165 20041.217738
