#elements 90
timestep 100
time 1.0000000000000000e+03
dt 1.0000000000000000e+01
mpi_rank 0
mpi_size 1
#vectors 5
x 2
0.0000000000000000e+00 1.0000000000000000e+07 
y 91
0.0000000000000000e+00 1.0000000000000000e+02 2.0000000000000000e+02 2.7478490459257273e+02 3.3071272414177474e+02 3.7253829063235173e+02 4.0381750062763280e+02 4.2720962797991422e+02 4.4470340810249098e+02 4.5778611487679444e+02 4.6757000465608331e+02 4.7488687729296697e+02 4.8035879351362047e+02 4.8445096083862171e+02 4.8751128426839233e+02 4.8979994422557041e+02 4.9151151639099447e+02 4.9279151400193990e+02 4.9374875899407266e+02 4.9446463374815630e+02 4.9500000000000000e+02 4.9550000000000000e+02 4.9600000000000000e+02 4.9650000000000000e+02 4.9700000000000000e+02 4.9750000000000000e+02 4.9800000000000000e+02 4.9850000000000000e+02 4.9900000000000000e+02 4.9950000000000000e+02 5.0000000000000000e+02 5.0500000000000000e+02 5.0550000000000000e+02 5.0600000000000000e+02 5.0650000000000000e+02 5.0700000000000000e+02 5.0750000000000000e+02 5.0800000000000000e+02 5.0850000000000000e+02 5.0900000000000000e+02 5.0950000000000000e+02 5.1000000000000000e+02 5.1055569274886233e+02 5.1129693081173110e+02 5.1228566760372689e+02 5.1360454273011021e+02 5.1536378908674828e+02 5.1771044623527712e+02 5.2084065011602581e+02 5.2501602628514229e+02 5.3058555683899749e+02 5.3801474868517550e+02 5.4792454107317383e+02 5.6114320431495707e+02 5.7877556744208880e+02 6.0229536091593275e+02 6.3366839248656026e+02 6.7551685136126002e+02 7.3133847338860210e+02 8.0579888530229630e+02 9.0512156244774599e+02 1.0376079930462442e+03 1.2143315248437841e+03 1.4500628865380445e+03 1.7645047399856778e+03 2.1839384482922560e+03 2.7434206983010199e+03 3.4897135733745499e+03 4.4851929748690418e+03 5.8130620620584286e+03 7.5843054550066572e+03 9.9469654395863690e+03 1.3098515489092955e+04 1.7302365293707055e+04 2.2909876804597010e+04 3.0389731415542090e+04 4.0367102820348533e+04 5.3675909652473754e+04 7.1428515234490682e+04 9.5108700011831330e+04 1.2669567739936628e+05 1.6882951840872233e+05 2.2503181141135254e+05 3.0000000000000006e+05 4.0000000000000000e+05 5.0000000000000000e+05 6.0000000000000000e+05 7.0000000000000000e+05 8.0000000000000000e+05 9.0000000000000000e+05 1.0000000000000000e+06 
channelStates 5
1.3000000000000000e-01 8.7000000000000000e-01 5.2932485257249577e-02 5.9612075350846028e-01 3.1767691406069742e-01 
uold 728
1.2030113155079260e+01 1.2496495924428875e+02 1.3699507240435301e+02 -2.7182984980232088e+00 1.2030113155091131e+01 1.2496495924431203e+02 1.3699507240431350e+02 -2.7182984970733770e+00 1.2030191473574392e+01 1.2496489369303622e+02 1.3699508517153961e+02 -2.7182984048296603e+00 1.2030191473579558e+01 1.2496489369301288e+02 1.3699508517155070e+02 -2.7182984038794555e+00 1.2030374216468587e+01 1.2496474074024341e+02 1.3699511496165360e+02 -2.7182981873778256e+00 1.2030374216476234e+01 1.2496474074023378e+02 1.3699511496165192e+02 -2.7182981864277203e+00 1.2030584503190525e+01 1.2496456473369624e+02 1.3699514924183353e+02 -2.7182979371507270e+00 1.2030584503197211e+01 1.2496456473368546e+02 1.3699514924183347e+02 -2.7182979362006083e+00 1.2030783982037871e+01 1.2496439777315440e+02 1.3699518176010434e+02 -2.7182976997844275e+00 1.2030783982043468e+01 1.2496439777312624e+02 1.3699518176012475e+02 -2.7182976988341525e+00 1.2030956958221742e+01 1.2496425299485173e+02 1.3699520995802598e+02 -2.7182974939542377e+00 1.2030956958229687e+01 1.2496425299484685e+02 1.3699520995802280e+02 -2.7182974930041426e+00 1.2031099674381414e+01 1.2496413354370831e+02 1.3699523322303972e+02 -2.7182973241316031e+00 1.2031099674387058e+01 1.2496413354371239e+02 1.3699523322302733e+02 -2.7182973231815790e+00 1.2031213888730484e+01 1.2496403794810828e+02 1.3699525184179709e+02 -2.7182971882241778e+00 1.2031213888738408e+01 1.2496403794811791e+02 1.3699525184177972e+02 -2.7182971872741910e+00 1.2031303494448178e+01 1.2496396294956141e+02 1.3699526644892444e+02 -2.7182970815995580e+00 1.2031303494453780e+01 1.2496396294953611e+02 1.3699526644894473e+02 -2.7182970806492959e+00 1.2031372851469184e+01 1.2496390489880804e+02 1.3699527775523111e+02 -2.7182969990692256e+00 1.2031372851477409e+01 1.2496390489880550e+02 1.3699527775522645e+02 -2.7182969981191465e+00 1.2031426032487074e+01 1.2496386038717469e+02 1.3699528642452995e+02 -2.7182969357877038e+00 1.2031426032493304e+01 1.2496386038716452e+02 1.3699528642453279e+02 -2.7182969348375696e+00 1.2031466538108063e+01 1.2496382648441534e+02 1.3699529302777648e+02 -2.7182968875873144e+00 1.2031466538115287e+01 1.2496382648441470e+02 1.3699529302777029e+02 -2.7182968866372468e+00 1.2031497241055380e+01 1.2496380078748032e+02 1.3699529803185854e+02 -2.7182968510600185e+00 1.2031497241062173e+01 1.2496380078747850e+02 1.3699529803185337e+02 -2.7182968501099438e+00 1.2031520431412464e+01 1.2496378137167964e+02 1.3699530181825432e+02 -2.7182968234212210e+00 1.2031520431416070e+01 1.2496378137166973e+02 1.3699530181825747e+02 -2.7182968224710851e+00 1.2031537907648072e+01 1.2496376679418029e+02 1.3699530461586846e+02 -2.7182968030000336e+00 1.2031537907653615e+01 1.2496376679417780e+02 1.3699530461586454e+02 -2.7182968020499501e+00 1.2031550952100645e+01 1.2496375482454650e+02 1.3699530782449844e+02 -2.7182967795786137e+00 1.2031550952104192e+01 1.2496375482454938e+02 1.3699530782448824e+02 -2.7182967786285768e+00 1.2031558966899095e+01 1.2496372734457786e+02 1.3699533050615486e+02 -2.7182966140134504e+00 1.2031558966900942e+01 1.2496372734457920e+02 1.3699533050614590e+02 -2.7182966130634036e+00 1.2031555818583527e+01 1.2496361158772771e+02 1.3699545182424083e+02 -2.7182957284502063e+00 1.2031555818582996e+01 1.2496361158772352e+02 1.3699545182423728e+02 -2.7182957275001209e+00 1.2031528296996623e+01 1.2496326348420951e+02 1.3699582925965751e+02 -2.7182929733595120e+00 1.2031528296995832e+01 1.2496326348421027e+02 1.3699582925965086e+02 -2.7182929724094498e+00 1.2031462040206383e+01 1.2496252868365097e+02 1.3699663168255228e+02 -2.7182871160969446e+00 1.2031462040204262e+01 1.2496252868365382e+02 1.3699663168254403e+02 -2.7182871151468939e+00 1.2031350906206399e+01 1.2496133948998272e+02 1.3699793306211549e+02 -2.7182776167876268e+00 1.2031350906203951e+01 1.2496133948998370e+02 1.3699793306210879e+02 -2.7182776158375654e+00 1.2031149633195200e+01 1.2495921635783347e+02 1.3700025854416239e+02 -2.7182606423541182e+00 1.2031149633194190e+01 1.2495921635783097e+02 1.3700025854415853e+02 -2.7182606414040360e+00 1.2030768742400838e+01 1.2495522762803297e+02 1.3700462956921623e+02 -2.7182287376310232e+00 1.2030768742399689e+01 1.2495522762802916e+02 1.3700462956921396e+02 -2.7182287366809286e+00 1.2030049550761614e+01 1.2494772517119745e+02 1.3701285378020324e+02 -2.7181687107243895e+00 1.2030049550759092e+01 1.2494772517119293e+02 1.3701285378020171e+02 -2.7181687097742895e+00 1.2028693550395323e+01 1.2493360859662056e+02 1.3702833301793825e+02 -2.7180557405700259e+00 1.2028693550393770e+01 1.2493360859661900e+02 1.3702833301793424e+02 -2.7180557396199445e+00 1.2026139150276496e+01 1.2490704505619732e+02 1.3705747214530413e+02 -2.7178431127994758e+00 1.2026139150274222e+01 1.2490704505619938e+02 1.3705747214529563e+02 -2.7178431118494273e+00 1.2021330089255210e+01 1.2485706391663305e+02 1.3711233498628675e+02 -2.7174429021437683e+00 1.2021330089256951e+01 1.2485706391664023e+02 1.3711233498627305e+02 -2.7174429011937584e+00 1.2012280928895628e+01 1.2476304384642060e+02 1.3721565914618586e+02 -2.7166896129746041e+00 1.2012280928898264e+01 1.2476304384643642e+02 1.3721565914616187e+02 -2.7166896120246684e+00 1.1995264102573108e+01 1.2458626928270209e+02 1.3741035128440348e+02 -2.7152717420682762e+00 1.1995264102576655e+01 1.2458626928273532e+02 1.3741035128436042e+02 -2.7152717411184804e+00 1.1963297009122202e+01 1.2425421697126458e+02 1.3777755948473089e+02 -2.7126029611795288e+00 1.1963297009128372e+01 1.2425421697132720e+02 1.3777755948465312e+02 -2.7126029602299830e+00 1.1903355067462602e+01 1.2363160999647209e+02 1.3847140357913815e+02 -2.7075796387669047e+00 1.1903355067473040e+01 1.2363160999659378e+02 1.3847140357899261e+02 -2.7075796378178456e+00 1.0122395760371106e+02 4.0524977154479442e+00 1.0273823099295389e+02 -1.2209517488117291e-02 1.0122395760359041e+02 4.0524977154430157e+00 1.0273823099307704e+02 -1.2209516803252682e-02 1.0070295314055922e+02 4.0316372065321824e+00 1.0326976879322783e+02 -7.0491589132943176e-03 1.0070295314049015e+02 4.0316372065293384e+00 1.0326976879329939e+02 -7.0491582289357252e-03 1.0040349728100526e+02 4.0196463946200023e+00 1.0357777656151525e+02 -4.0710458083924603e-03 1.0040349728096569e+02 4.0196463946183343e+00 1.0357777656155676e+02 -4.0710451243257621e-03 1.0023108312170393e+02 4.0127416946853742e+00 1.0375595068384995e+02 -2.3523278787484069e-03 1.0023108312168132e+02 4.0127416946843777e+00 1.0375595068387400e+02 -2.3523271948499413e-03 1.0013171573218024e+02 4.0087614201347241e+00 1.0385891770689366e+02 -1.3604238251782325e-03 1.0013171573216732e+02 4.0087614201341051e+00 1.0385891770690763e+02 -1.3604231413767128e-03 1.0007441468857472e+02 4.0064652705980652e+00 1.0391838875050250e+02 -7.8797400392633667e-04 1.0007441468856742e+02 4.0064652705976700e+00 1.0391838875051067e+02 -7.8797332018056411e-04 1.0004136065754783e+02 4.0051398499538582e+00 1.0395272681401300e+02 -4.5759560883136709e-04 1.0004136065754363e+02 4.0051398499535917e+00 1.0395272681401792e+02 -4.5759492511714784e-04 1.0002228959976230e+02 4.0043742381131544e+00 1.0397255032586807e+02 -2.6691641823946738e-04 1.0002228959976006e+02 4.0043742381129830e+00 1.0397255032587097e+02 -2.6691573454408913e-04 1.0001128429920594e+02 4.0039315398744071e+00 1.0398399456879706e+02 -1.5685262490136104e-04 1.0001128429920483e+02 4.0039315398742410e+00 1.0398399456879883e+02 -1.5685194121733631e-04 1.0000493150116961e+02 4.0036751059679068e+00 1.0399060317565467e+02 -9.3300564269071699e-05 1.0000493150116921e+02 4.0036751059677282e+00 1.0399060317565576e+02 -9.3299880591361320e-05 1.0000126115739548e+02 4.0035260657723821e+00 1.0399442297661636e+02 -5.6569061469877474e-05 1.0000126115739536e+02 4.0035260657721983e+00 1.0399442297661710e+02 -5.6568377795786094e-05 9.9998965789660787e+01 4.0034318412071199e+00 1.0399681342684008e+02 -3.3582990772093746e-05 9.9998965789660900e+01 4.0034318412069831e+00 1.0399681342684059e+02 -3.3582307100571621e-05 9.9997446585030744e+01 4.0033679162671953e+00 1.0399839788232816e+02 -1.8347485162744881e-05 9.9997446585030957e+01 4.0033679162670746e+00 1.0399839788232852e+02 -1.8346801492889832e-05 9.9996658061544110e+01 4.0033322148383386e+00 1.0399922394097308e+02 -1.0404513675905816e-05 9.9996658061544395e+01 4.0033322148382053e+00 1.0399922394097332e+02 -1.0403830006788262e-05 9.9996369206872487e+01 4.0033151503852071e+00 1.0399953231528835e+02 -7.4393441191069012e-06 9.9996369206872572e+01 4.0033151503850801e+00 1.0399953231528868e+02 -7.4386604486014410e-06 9.9996310974169745e+01 4.0033055051625297e+00 1.0399960345876406e+02 -6.7552468399491719e-06 9.9996310974169859e+01 4.0033055051624178e+00 1.0399960345876435e+02 -6.7545631697927849e-06 9.9996316066729719e+01 4.0032959934908137e+00 1.0399961221409298e+02 -6.6710241307098808e-06 9.9996316066730003e+01 4.0032959934907133e+00 1.0399961221409315e+02 -6.6703404619681066e-06 9.9996331303363988e+01 4.0032837152511318e+00 1.0399961500489938e+02 -6.6441291922837133e-06 9.9996331303364329e+01 4.0032837152510217e+00 1.0399961500489951e+02 -6.6434455240812179e-06 9.9996351362539869e+01 4.0032674521135583e+00 1.0399961881637140e+02 -6.6073798299961235e-06 9.9996351362539997e+01 4.0032674521134295e+00 1.0399961881637176e+02 -6.6066961594475832e-06 9.9996377867607762e+01 4.0032459682467616e+00 1.0399962383532421e+02 -6.5589508173699154e-06 9.9996377867607634e+01 4.0032459682466524e+00 1.0399962383532475e+02 -6.5582671450328277e-06 9.9996412763066871e+01 4.0032176751318875e+00 1.0399963043807215e+02 -6.4951734758020222e-06 9.9996412763067269e+01 4.0032176751318049e+00 1.0399963043807226e+02 -6.4944898076991878e-06 9.9996458517554927e+01 4.0031805653952235e+00 1.0399963908274316e+02 -6.4115553617917911e-06 9.9996458517555197e+01 4.0031805653951391e+00 1.0399963908274329e+02 -6.4108716930430229e-06 9.9996518188544172e+01 4.0031321464169967e+00 1.0399965033477098e+02 -6.3025079930135956e-06 9.9996518188544442e+01 4.0031321464169256e+00 1.0399965033477106e+02 -6.3018243244783781e-06 9.9996595473273089e+01 4.0030693959510177e+00 1.0399966486903000e+02 -6.1612798508513055e-06 9.9996595473272777e+01 4.0030693959508996e+00 1.0399966486903058e+02 -6.1605961775869726e-06 9.9996694694615826e+01 4.0029887648537192e+00 1.0399968345927698e+02 -5.9799790797995038e-06 9.9996694694616252e+01 4.0029887648536358e+00 1.0399968345927680e+02 -5.9792954137635001e-06 9.9996820678141844e+01 4.0028862626762214e+00 1.0399970694062547e+02 -5.7498019963207684e-06 9.9996820678141873e+01 4.0028862626761157e+00 1.0399970694062569e+02 -5.7491183265815071e-06 9.9996978463691207e+01 4.0027576679373382e+00 1.0399973613143693e+02 -5.4615646605178671e-06 9.9996978463691846e+01 4.0027576679372370e+00 1.0399973613143646e+02 -5.4608809967726615e-06 9.9997172797384238e+01 4.0025989014225445e+00 1.0399977169861539e+02 -5.1066390312356515e-06 9.9997172797384266e+01 4.0025989014224415e+00 1.0399977169861562e+02 -5.1059553604391465e-06 9.9997407369034590e+01 4.0024065824832524e+00 1.0399981395132770e+02 -4.6783589575660552e-06 9.9997407369034349e+01 4.0024065824831316e+00 1.0399981395132821e+02 -4.6776752836567601e-06 9.9997683793985701e+01 4.0021787575459369e+00 1.0399986255134424e+02 -4.1739002966804624e-06 9.9997683793985615e+01 4.0021787575458339e+00 1.0399986255134452e+02 -4.1732166263701094e-06 9.9998000369416204e+01 4.0019157636837237e+00 1.0399991613291671e+02 -3.5965826847887705e-06 9.9998000369415962e+01 4.0019157636836669e+00 1.0399991613291706e+02 -3.5958990167106098e-06 9.9998350640447327e+01 4.0016211959532733e+00 1.0399997183622509e+02 -2.9585289286366563e-06 9.9998350640447896e+01 4.0016211959532306e+00 1.0399997183622462e+02 -2.9578452759017927e-06 9.9998721809304072e+01 4.0013029980779500e+00 1.0400002480721777e+02 -2.2836120548857406e-06 9.9998721809304143e+01 4.0013029980778523e+00 1.0400002480721790e+02 -2.2829284043000660e-06 9.9999093163380124e+01 4.0009747344669773e+00 1.0400006789770036e+02 -1.6103286494335719e-06 9.9999093163380181e+01 4.0009747344667792e+00 1.0400006789770028e+02 -1.6096450055907285e-06 9.9999435377680015e+01 4.0006569074174028e+00 1.0400009228497738e+02 -9.9292423975415875e-07 9.9999435377679973e+01 4.0006569074174383e+00 1.0400009228497706e+02 -9.9224060531459505e-07 9.9999713279080268e+01 4.0003772523141707e+00 1.0400009053130928e+02 -4.9583696567671042e-07 9.9999713279080268e+01 4.0003772523141743e+00 1.0400009053130940e+02 -4.9515333438629304e-07 9.9999896754536536e+01 4.0001666921771575e+00 1.0400006344666814e+02 -1.7280730664775327e-07 9.9999896754536451e+01 4.0001666921772223e+00 1.0400006344666781e+02 -1.7212373907899526e-07 9.9999981163285000e+01 4.0000457121773021e+00 1.0400002687544796e+02 -2.8991104933279190e-08 9.9999981163285128e+01 4.0000457121773332e+00 1.0400002687544824e+02 -2.8307667575665515e-08 1.0000000014685934e+02 4.0000038256121355e+00 1.0400000397247065e+02 4.3410307690638209e-10 1.0000000014685943e+02 4.0000038256121577e+00 1.0400000397247078e+02 1.1173882911152327e-09 1.0000000009320402e+02 3.9999995403365078e+00 1.0399999963354078e+02 -5.2469080380497004e-10 1.0000000009320398e+02 3.9999995403365260e+00 1.0399999963354072e+02 1.5835355410155363e-10 9.9999999978132919e+01 4.0000000547194636e+00 1.0400000003285238e+02 -6.5105616536774362e-10 9.9999999978132607e+01 4.0000000547194592e+00 1.0400000003285204e+02 3.1697975234498031e-11 1.0000000000431962e+02 3.9999999925754373e+00 1.0399999999689508e+02 -6.1128100519166707e-10 1.0000000000431989e+02 3.9999999925754501e+00 1.0399999999689531e+02 7.1303006645202783e-11 9.9999999999165212e+01 4.0000000011364474e+00 1.0400000000030163e+02 -6.1994238559477254e-10 9.9999999999164459e+01 4.0000000011364918e+00 1.0400000000030097e+02 6.2883417660347791e-11 1.0000000000016148e+02 3.9999999998094373e+00 1.0399999999997092e+02 -6.1822270064355726e-10 1.0000000000016158e+02 3.9999999998094848e+00 1.0399999999997105e+02 6.4480879163888484e-11 9.9999999999968395e+01 4.0000000000340217e+00 1.0400000000000242e+02 -6.1844925616551688e-10 9.9999999999968708e+01 4.0000000000339666e+00 1.0400000000000267e+02 6.3855245173904217e-11 1.0000000000000625e+02 3.9999999999936824e+00 1.0399999999999993e+02 -6.1810673238007155e-10 1.0000000000000607e+02 3.9999999999937086e+00 1.0399999999999977e+02 6.3189022250061282e-11 9.9999999999999091e+01 4.0000000000012017e+00 1.0400000000000030e+02 -6.1739794271000921e-10 9.9999999999998522e+01 4.0000000000012221e+00 1.0399999999999976e+02 6.2525964471143633e-11 1.0000000000000031e+02 3.9999999999997722e+00 1.0400000000000004e+02 -6.1420986318255144e-10 1.0000000000000014e+02 3.9999999999997393e+00 1.0399999999999991e+02 5.9786962701238796e-11 9.9999999999999787e+01 4.0000000000000391e+00 1.0399999999999984e+02 -6.1438755568815973e-10 1.0000000000000011e+02 4.0000000000000488e+00 1.0400000000000017e+02 6.1945956418962012e-11 1.0000000000000000e+02 3.9999999999999667e+00 1.0399999999999994e+02 -6.1886471814663495e-10 9.9999999999999943e+01 4.0000000000000133e+00 1.0399999999999996e+02 5.8555239964717485e-11 1.0000000000000017e+02 3.9999999999999836e+00 1.0400000000000016e+02 -6.2972715427979183e-10 9.9999999999999872e+01 4.0000000000000080e+00 1.0399999999999987e+02 7.6374838315967463e-11 9.9999999999999446e+01 3.9999999999999942e+00 1.0399999999999942e+02 -6.0376965936199033e-10 1.0000000000000065e+02 4.0000000000000187e+00 1.0400000000000070e+02 5.6260434147781710e-11 1.0000000000000006e+02 4.0000000000000213e+00 1.0400000000000009e+02 -5.7978118360946621e-10 9.9999999999999545e+01 3.9999999999999893e+00 1.0399999999999950e+02 1.3715733686959299e-11 9.9999999999999957e+01 4.0000000000000053e+00 1.0399999999999993e+02 -5.1281462329313125e-10 1.0000000000000011e+02 3.9999999999999987e+00 1.0400000000000014e+02 -2.5648108919540682e-11 9.9999999999999844e+01 3.9999999999999631e+00 1.0399999999999982e+02 -5.1767654200712523e-10 1.0000000000000001e+02 4.0000000000000346e+00 1.0400000000000004e+02 7.1328574786557118e-11 9.9999999999999943e+01 4.0000000000000364e+00 1.0399999999999996e+02 -4.9980298574666847e-10 1.0000000000000004e+02 3.9999999999999565e+00 1.0400000000000001e+02 1.4502570309194528e-10 9.9999999999999957e+01 3.9999999999999982e+00 1.0399999999999997e+02 -4.0847297912330082e-10 9.9999999999999886e+01 4.0000000000000053e+00 1.0399999999999989e+02 1.3646629103628103e-10 1.0000000000000040e+02 4.0000000000000027e+00 1.0400000000000038e+02 -3.2889009803517491e-10 9.9999999999999801e+01 3.9999999999999947e+00 1.0399999999999982e+02 1.5683400892816386e-10 9.9999999999999687e+01 3.9999999999999720e+00 1.0399999999999964e+02 -1.2207984633526502e-10 1.0000000000000021e+02 4.0000000000000071e+00 1.0400000000000024e+02 7.4170432110910850e-11 1.0000000000000000e+02 4.0000000000000000e+00 1.0400000000000000e+02 0.0000000000000000e+00 1.0000000000000000e+02 4.0000000000000000e+00 1.0400000000000000e+02 0.0000000000000000e+00 
unew 728
1.2030113155079260e+01 1.2496495924428875e+02 1.3699507240435301e+02 -2.7182984980232088e+00 1.2030113155091131e+01 1.2496495924431203e+02 1.3699507240431350e+02 -2.7182984970733770e+00 1.2030191473574392e+01 1.2496489369303622e+02 1.3699508517153961e+02 -2.7182984048296603e+00 1.2030191473579558e+01 1.2496489369301288e+02 1.3699508517155070e+02 -2.7182984038794555e+00 1.2030374216468587e+01 1.2496474074024341e+02 1.3699511496165360e+02 -2.7182981873778256e+00 1.2030374216476234e+01 1.2496474074023378e+02 1.3699511496165192e+02 -2.7182981864277203e+00 1.2030584503190525e+01 1.2496456473369624e+02 1.3699514924183353e+02 -2.7182979371507270e+00 1.2030584503197211e+01 1.2496456473368546e+02 1.3699514924183347e+02 -2.7182979362006083e+00 1.2030783982037871e+01 1.2496439777315440e+02 1.3699518176010434e+02 -2.7182976997844275e+00 1.2030783982043468e+01 1.2496439777312624e+02 1.3699518176012475e+02 -2.7182976988341525e+00 1.2030956958221742e+01 1.2496425299485173e+02 1.3699520995802598e+02 -2.7182974939542377e+00 1.2030956958229687e+01 1.2496425299484685e+02 1.3699520995802280e+02 -2.7182974930041426e+00 1.2031099674381414e+01 1.2496413354370831e+02 1.3699523322303972e+02 -2.7182973241316031e+00 1.2031099674387058e+01 1.2496413354371239e+02 1.3699523322302733e+02 -2.7182973231815790e+00 1.2031213888730484e+01 1.2496403794810828e+02 1.3699525184179709e+02 -2.7182971882241778e+00 1.2031213888738408e+01 1.2496403794811791e+02 1.3699525184177972e+02 -2.7182971872741910e+00 1.2031303494448178e+01 1.2496396294956141e+02 1.3699526644892444e+02 -2.7182970815995580e+00 1.2031303494453780e+01 1.2496396294953611e+02 1.3699526644894473e+02 -2.7182970806492959e+00 1.2031372851469184e+01 1.2496390489880804e+02 1.3699527775523111e+02 -2.7182969990692256e+00 1.2031372851477409e+01 1.2496390489880550e+02 1.3699527775522645e+02 -2.7182969981191465e+00 1.2031426032487074e+01 1.2496386038717469e+02 1.3699528642452995e+02 -2.7182969357877038e+00 1.2031426032493304e+01 1.2496386038716452e+02 1.3699528642453279e+02 -2.7182969348375696e+00 1.2031466538108063e+01 1.2496382648441534e+02 1.3699529302777648e+02 -2.7182968875873144e+00 1.2031466538115287e+01 1.2496382648441470e+02 1.3699529302777029e+02 -2.7182968866372468e+00 1.2031497241055380e+01 1.2496380078748032e+02 1.3699529803185854e+02 -2.7182968510600185e+00 1.2031497241062173e+01 1.2496380078747850e+02 1.3699529803185337e+02 -2.7182968501099438e+00 1.2031520431412464e+01 1.2496378137167964e+02 1.3699530181825432e+02 -2.7182968234212210e+00 1.2031520431416070e+01 1.2496378137166973e+02 1.3699530181825747e+02 -2.7182968224710851e+00 1.2031537907648072e+01 1.2496376679418029e+02 1.3699530461586846e+02 -2.7182968030000336e+00 1.2031537907653615e+01 1.2496376679417780e+02 1.3699530461586454e+02 -2.7182968020499501e+00 1.2031550952100645e+01 1.2496375482454650e+02 1.3699530782449844e+02 -2.7182967795786137e+00 1.2031550952104192e+01 1.2496375482454938e+02 1.3699530782448824e+02 -2.7182967786285768e+00 1.2031558966899095e+01 1.2496372734457786e+02 1.3699533050615486e+02 -2.7182966140134504e+00 1.2031558966900942e+01 1.2496372734457920e+02 1.3699533050614590e+02 -2.7182966130634036e+00 1.2031555818583527e+01 1.2496361158772771e+02 1.3699545182424083e+02 -2.7182957284502063e+00 1.2031555818582996e+01 1.2496361158772352e+02 1.3699545182423728e+02 -2.7182957275001209e+00 1.2031528296996623e+01 1.2496326348420951e+02 1.3699582925965751e+02 -2.7182929733595120e+00 1.2031528296995832e+01 1.2496326348421027e+02 1.3699582925965086e+02 -2.7182929724094498e+00 1.2031462040206383e+01 1.2496252868365097e+02 1.3699663168255228e+02 -2.7182871160969446e+00 1.2031462040204262e+01 1.2496252868365382e+02 1.3699663168254403e+02 -2.7182871151468939e+00 1.2031350906206399e+01 1.2496133948998272e+02 1.3699793306211549e+02 -2.7182776167876268e+00 1.2031350906203951e+01 1.2496133948998370e+02 1.3699793306210879e+02 -2.7182776158375654e+00 1.2031149633195200e+01 1.2495921635783347e+02 1.3700025854416239e+02 -2.7182606423541182e+00 1.2031149633194190e+01 1.2495921635783097e+02 1.3700025854415853e+02 -2.7182606414040360e+00 1.2030768742400838e+01 1.2495522762803297e+02 1.3700462956921623e+02 -2.7182287376310232e+00 1.2030768742399689e+01 1.2495522762802916e+02 1.3700462956921396e+02 -2.7182287366809286e+00 1.2030049550761614e+01 1.2494772517119745e+02 1.3701285378020324e+02 -2.7181687107243895e+00 1.2030049550759092e+01 1.2494772517119293e+02 1.3701285378020171e+02 -2.7181687097742895e+00 1.2028693550395323e+01 1.2493360859662056e+02 1.3702833301793825e+02 -2.7180557405700259e+00 1.2028693550393770e+01 1.2493360859661900e+02 1.3702833301793424e+02 -2.7180557396199445e+00 1.2026139150276496e+01 1.2490704505619732e+02 1.3705747214530413e+02 -2.7178431127994758e+00 1.2026139150274222e+01 1.2490704505619938e+02 1.3705747214529563e+02 -2.7178431118494273e+00 1.2021330089255210e+01 1.2485706391663305e+02 1.3711233498628675e+02 -2.7174429021437683e+00 1.2021330089256951e+01 1.2485706391664023e+02 1.3711233498627305e+02 -2.7174429011937584e+00 1.2012280928895628e+01 1.2476304384642060e+02 1.3721565914618586e+02 -2.7166896129746041e+00 1.2012280928898264e+01 1.2476304384643642e+02 1.3721565914616187e+02 -2.7166896120246684e+00 1.1995264102573108e+01 1.2458626928270209e+02 1.3741035128440348e+02 -2.7152717420682762e+00 1.1995264102576655e+01 1.2458626928273532e+02 1.3741035128436042e+02 -2.7152717411184804e+00 1.1963297009122202e+01 1.2425421697126458e+02 1.3777755948473089e+02 -2.7126029611795288e+00 1.1963297009128372e+01 1.2425421697132720e+02 1.3777755948465312e+02 -2.7126029602299830e+00 1.1903355067462602e+01 1.2363160999647209e+02 1.3847140357913815e+02 -2.7075796387669047e+00 1.1903355067473040e+01 1.2363160999659378e+02 1.3847140357899261e+02 -2.7075796378178456e+00 1.0122395760371106e+02 4.0524977154479442e+00 1.0273823099295389e+02 -1.2209517488117291e-02 1.0122395760359041e+02 4.0524977154430157e+00 1.0273823099307704e+02 -1.2209516803252682e-02 1.0070295314055922e+02 4.0316372065321824e+00 1.0326976879322783e+02 -7.0491589132943176e-03 1.0070295314049015e+02 4.0316372065293384e+00 1.0326976879329939e+02 -7.0491582289357252e-03 1.0040349728100526e+02 4.0196463946200023e+00 1.0357777656151525e+02 -4.0710458083924603e-03 1.0040349728096569e+02 4.0196463946183343e+00 1.0357777656155676e+02 -4.0710451243257621e-03 1.0023108312170393e+02 4.0127416946853742e+00 1.0375595068384995e+02 -2.3523278787484069e-03 1.0023108312168132e+02 4.0127416946843777e+00 1.0375595068387400e+02 -2.3523271948499413e-03 1.0013171573218024e+02 4.0087614201347241e+00 1.0385891770689366e+02 -1.3604238251782325e-03 1.0013171573216732e+02 4.0087614201341051e+00 1.0385891770690763e+02 -1.3604231413767128e-03 1.0007441468857472e+02 4.0064652705980652e+00 1.0391838875050250e+02 -7.8797400392633667e-04 1.0007441468856742e+02 4.0064652705976700e+00 1.0391838875051067e+02 -7.8797332018056411e-04 1.0004136065754783e+02 4.0051398499538582e+00 1.0395272681401300e+02 -4.5759560883136709e-04 1.0004136065754363e+02 4.0051398499535917e+00 1.0395272681401792e+02 -4.5759492511714784e-04 1.0002228959976230e+02 4.0043742381131544e+00 1.0397255032586807e+02 -2.6691641823946738e-04 1.0002228959976006e+02 4.0043742381129830e+00 1.0397255032587097e+02 -2.6691573454408913e-04 1.0001128429920594e+02 4.0039315398744071e+00 1.0398399456879706e+02 -1.5685262490136104e-04 1.0001128429920483e+02 4.0039315398742410e+00 1.0398399456879883e+02 -1.5685194121733631e-04 1.0000493150116961e+02 4.0036751059679068e+00 1.0399060317565467e+02 -9.3300564269071699e-05 1.0000493150116921e+02 4.0036751059677282e+00 1.0399060317565576e+02 -9.3299880591361320e-05 1.0000126115739548e+02 4.0035260657723821e+00 1.0399442297661636e+02 -5.6569061469877474e-05 1.0000126115739536e+02 4.0035260657721983e+00 1.0399442297661710e+02 -5.6568377795786094e-05 9.9998965789660787e+01 4.0034318412071199e+00 1.0399681342684008e+02 -3.3582990772093746e-05 9.9998965789660900e+01 4.0034318412069831e+00 1.0399681342684059e+02 -3.3582307100571621e-05 9.9997446585030744e+01 4.0033679162671953e+00 1.0399839788232816e+02 -1.8347485162744881e-05 9.9997446585030957e+01 4.0033679162670746e+00 1.0399839788232852e+02 -1.8346801492889832e-05 9.9996658061544110e+01 4.0033322148383386e+00 1.0399922394097308e+02 -1.0404513675905816e-05 9.9996658061544395e+01 4.0033322148382053e+00 1.0399922394097332e+02 -1.0403830006788262e-05 9.9996369206872487e+01 4.0033151503852071e+00 1.0399953231528835e+02 -7.4393441191069012e-06 9.9996369206872572e+01 4.0033151503850801e+00 1.0399953231528868e+02 -7.4386604486014410e-06 9.9996310974169745e+01 4.0033055051625297e+00 1.0399960345876406e+02 -6.7552468399491719e-06 9.9996310974169859e+01 4.0033055051624178e+00 1.0399960345876435e+02 -6.7545631697927849e-06 9.9996316066729719e+01 4.0032959934908137e+00 1.0399961221409298e+02 -6.6710241307098808e-06 9.9996316066730003e+01 4.0032959934907133e+00 1.0399961221409315e+02 -6.6703404619681066e-06 9.9996331303363988e+01 4.0032837152511318e+00 1.0399961500489938e+02 -6.6441291922837133e-06 9.9996331303364329e+01 4.0032837152510217e+00 1.0399961500489951e+02 -6.6434455240812179e-06 9.9996351362539869e+01 4.0032674521135583e+00 1.0399961881637140e+02 -6.6073798299961235e-06 9.9996351362539997e+01 4.0032674521134295e+00 1.0399961881637176e+02 -6.6066961594475832e-06 9.9996377867607762e+01 4.0032459682467616e+00 1.0399962383532421e+02 -6.5589508173699154e-06 9.9996377867607634e+01 4.0032459682466524e+00 1.0399962383532475e+02 -6.5582671450328277e-06 9.9996412763066871e+01 4.0032176751318875e+00 1.0399963043807215e+02 -6.4951734758020222e-06 9.9996412763067269e+01 4.0032176751318049e+00 1.0399963043807226e+02 -6.4944898076991878e-06 9.9996458517554927e+01 4.0031805653952235e+00 1.0399963908274316e+02 -6.4115553617917911e-06 9.9996458517555197e+01 4.0031805653951391e+00 1.0399963908274329e+02 -6.4108716930430229e-06 9.9996518188544172e+01 4.0031321464169967e+00 1.0399965033477098e+02 -6.3025079930135956e-06 9.9996518188544442e+01 4.0031321464169256e+00 1.0399965033477106e+02 -6.3018243244783781e-06 9.9996595473273089e+01 4.0030693959510177e+00 1.0399966486903000e+02 -6.1612798508513055e-06 9.9996595473272777e+01 4.0030693959508996e+00 1.0399966486903058e+02 -6.1605961775869726e-06 9.9996694694615826e+01 4.0029887648537192e+00 1.0399968345927698e+02 -5.9799790797995038e-06 9.9996694694616252e+01 4.0029887648536358e+00 1.0399968345927680e+02 -5.9792954137635001e-06 9.9996820678141844e+01 4.0028862626762214e+00 1.0399970694062547e+02 -5.7498019963207684e-06 9.9996820678141873e+01 4.0028862626761157e+00 1.0399970694062569e+02 -5.7491183265815071e-06 9.9996978463691207e+01 4.0027576679373382e+00 1.0399973613143693e+02 -5.4615646605178671e-06 9.9996978463691846e+01 4.0027576679372370e+00 1.0399973613143646e+02 -5.4608809967726615e-06 9.9997172797384238e+01 4.0025989014225445e+00 1.0399977169861539e+02 -5.1066390312356515e-06 9.9997172797384266e+01 4.0025989014224415e+00 1.0399977169861562e+02 -5.1059553604391465e-06 9.9997407369034590e+01 4.0024065824832524e+00 1.0399981395132770e+02 -4.6783589575660552e-06 9.9997407369034349e+01 4.0024065824831316e+00 1.0399981395132821e+02 -4.6776752836567601e-06 9.9997683793985701e+01 4.0021787575459369e+00 1.0399986255134424e+02 -4.1739002966804624e-06 9.9997683793985615e+01 4.0021787575458339e+00 1.0399986255134452e+02 -4.1732166263701094e-06 9.9998000369416204e+01 4.0019157636837237e+00 1.0399991613291671e+02 -3.5965826847887705e-06 9.9998000369415962e+01 4.0019157636836669e+00 1.0399991613291706e+02 -3.5958990167106098e-06 9.9998350640447327e+01 4.0016211959532733e+00 1.0399997183622509e+02 -2.9585289286366563e-06 9.9998350640447896e+01 4.0016211959532306e+00 1.0399997183622462e+02 -2.9578452759017927e-06 9.9998721809304072e+01 4.0013029980779500e+00 1.0400002480721777e+02 -2.2836120548857406e-06 9.9998721809304143e+01 4.0013029980778523e+00 1.0400002480721790e+02 -2.2829284043000660e-06 9.9999093163380124e+01 4.0009747344669773e+00 1.0400006789770036e+02 -1.6103286494335719e-06 9.9999093163380181e+01 4.0009747344667792e+00 1.0400006789770028e+02 -1.6096450055907285e-06 9.9999435377680015e+01 4.0006569074174028e+00 1.0400009228497738e+02 -9.9292423975415875e-07 9.9999435377679973e+01 4.0006569074174383e+00 1.0400009228497706e+02 -9.9224060531459505e-07 9.9999713279080268e+01 4.0003772523141707e+00 1.0400009053130928e+02 -4.9583696567671042e-07 9.9999713279080268e+01 4.0003772523141743e+00 1.0400009053130940e+02 -4.9515333438629304e-07 9.9999896754536536e+01 4.0001666921771575e+00 1.0400006344666814e+02 -1.7280730664775327e-07 9.9999896754536451e+01 4.0001666921772223e+00 1.0400006344666781e+02 -1.7212373907899526e-07 9.9999981163285000e+01 4.0000457121773021e+00 1.0400002687544796e+02 -2.8991104933279190e-08 9.9999981163285128e+01 4.0000457121773332e+00 1.0400002687544824e+02 -2.8307667575665515e-08 1.0000000014685934e+02 4.0000038256121355e+00 1.0400000397247065e+02 4.3410307690638209e-10 1.0000000014685943e+02 4.0000038256121577e+00 1.0400000397247078e+02 1.1173882911152327e-09 1.0000000009320402e+02 3.9999995403365078e+00 1.0399999963354078e+02 -5.2469080380497004e-10 1.0000000009320398e+02 3.9999995403365260e+00 1.0399999963354072e+02 1.5835355410155363e-10 9.9999999978132919e+01 4.0000000547194636e+00 1.0400000003285238e+02 -6.5105616536774362e-10 9.9999999978132607e+01 4.0000000547194592e+00 1.0400000003285204e+02 3.1697975234498031e-11 1.0000000000431962e+02 3.9999999925754373e+00 1.0399999999689508e+02 -6.1128100519166707e-10 1.0000000000431989e+02 3.9999999925754501e+00 1.0399999999689531e+02 7.1303006645202783e-11 9.9999999999165212e+01 4.0000000011364474e+00 1.0400000000030163e+02 -6.1994238559477254e-10 9.9999999999164459e+01 4.0000000011364918e+00 1.0400000000030097e+02 6.2883417660347791e-11 1.0000000000016148e+02 3.9999999998094373e+00 1.0399999999997092e+02 -6.1822270064355726e-10 1.0000000000016158e+02 3.9999999998094848e+00 1.0399999999997105e+02 6.4480879163888484e-11 9.9999999999968395e+01 4.0000000000340217e+00 1.0400000000000242e+02 -6.1844925616551688e-10 9.9999999999968708e+01 4.0000000000339666e+00 1.0400000000000267e+02 6.3855245173904217e-11 1.0000000000000625e+02 3.9999999999936824e+00 1.0399999999999993e+02 -6.1810673238007155e-10 1.0000000000000607e+02 3.9999999999937086e+00 1.0399999999999977e+02 6.3189022250061282e-11 9.9999999999999091e+01 4.0000000000012017e+00 1.0400000000000030e+02 -6.1739794271000921e-10 9.9999999999998522e+01 4.0000000000012221e+00 1.0399999999999976e+02 6.2525964471143633e-11 1.0000000000000031e+02 3.9999999999997722e+00 1.0400000000000004e+02 -6.1420986318255144e-10 1.0000000000000014e+02 3.9999999999997393e+00 1.0399999999999991e+02 5.9786962701238796e-11 9.9999999999999787e+01 4.0000000000000391e+00 1.0399999999999984e+02 -6.1438755568815973e-10 1.0000000000000011e+02 4.0000000000000488e+00 1.0400000000000017e+02 6.1945956418962012e-11 1.0000000000000000e+02 3.9999999999999667e+00 1.0399999999999994e+02 -6.1886471814663495e-10 9.9999999999999943e+01 4.0000000000000133e+00 1.0399999999999996e+02 5.8555239964717485e-11 1.0000000000000017e+02 3.9999999999999836e+00 1.0400000000000016e+02 -6.2972715427979183e-10 9.9999999999999872e+01 4.0000000000000080e+00 1.0399999999999987e+02 7.6374838315967463e-11 9.9999999999999446e+01 3.9999999999999942e+00 1.0399999999999942e+02 -6.0376965936199033e-10 1.0000000000000065e+02 4.0000000000000187e+00 1.0400000000000070e+02 5.6260434147781710e-11 1.0000000000000006e+02 4.0000000000000213e+00 1.0400000000000009e+02 -5.7978118360946621e-10 9.9999999999999545e+01 3.9999999999999893e+00 1.0399999999999950e+02 1.3715733686959299e-11 9.9999999999999957e+01 4.0000000000000053e+00 1.0399999999999993e+02 -5.1281462329313125e-10 1.0000000000000011e+02 3.9999999999999987e+00 1.0400000000000014e+02 -2.5648108919540682e-11 9.9999999999999844e+01 3.9999999999999631e+00 1.0399999999999982e+02 -5.1767654200712523e-10 1.0000000000000001e+02 4.0000000000000346e+00 1.0400000000000004e+02 7.1328574786557118e-11 9.9999999999999943e+01 4.0000000000000364e+00 1.0399999999999996e+02 -4.9980298574666847e-10 1.0000000000000004e+02 3.9999999999999565e+00 1.0400000000000001e+02 1.4502570309194528e-10 9.9999999999999957e+01 3.9999999999999982e+00 1.0399999999999997e+02 -4.0847297912330082e-10 9.9999999999999886e+01 4.0000000000000053e+00 1.0399999999999989e+02 1.3646629103628103e-10 1.0000000000000040e+02 4.0000000000000027e+00 1.0400000000000038e+02 -3.2889009803517491e-10 9.9999999999999801e+01 3.9999999999999947e+00 1.0399999999999982e+02 1.5683400892816386e-10 9.9999999999999687e+01 3.9999999999999720e+00 1.0399999999999964e+02 -1.2207984633526502e-10 1.0000000000000021e+02 4.0000000000000071e+00 1.0400000000000024e+02 7.4170432110910850e-11 1.0000000000000000e+02 4.0000000000000000e+00 1.0400000000000000e+02 0.0000000000000000e+00 1.0000000000000000e+02 4.0000000000000000e+00 1.0400000000000000e+02 0.0000000000000000e+00 
