#elements 180
timestep 100
time 1.0000000000000000e+03
dt 1.0000000000000000e+01
mpi_rank 0
mpi_size 1
#vectors 5
x 2
0.0000000000000000e+00 1.0000000000000000e+07 
y 181
0.0000000000000000e+00 1.0000000000000000e+02 2.0000000000000000e+02 2.7478490459257273e+02 3.3071272414177474e+02 3.7253829063235173e+02 4.0381750062763280e+02 4.2720962797991422e+02 4.4470340810249098e+02 4.5778611487679444e+02 4.6757000465608331e+02 4.7488687729296697e+02 4.8035879351362047e+02 4.8445096083862171e+02 4.8751128426839233e+02 4.8979994422557041e+02 4.9151151639099447e+02 4.9279151400193990e+02 4.9374875899407266e+02 4.9446463374815630e+02 4.9500000000000000e+02 4.9550000000000000e+02 4.9600000000000000e+02 4.9650000000000000e+02 4.9700000000000000e+02 4.9750000000000000e+02 4.9800000000000000e+02 4.9850000000000000e+02 4.9900000000000000e+02 4.9950000000000000e+02 5.0000000000000000e+02 5.0500000000000000e+02 5.0550000000000000e+02 5.0600000000000000e+02 5.0650000000000000e+02 5.0700000000000000e+02 5.0750000000000000e+02 5.0800000000000000e+02 5.0850000000000000e+02 5.0900000000000000e+02 5.0950000000000000e+02 5.1000000000000000e+02 5.1055569274886233e+02 5.1129693081173110e+02 5.1228566760372689e+02 5.1360454273011021e+02 5.1536378908674828e+02 5.1771044623527712e+02 5.2084065011602581e+02 5.2501602628514229e+02 5.3058555683899749e+02 5.3801474868517550e+02 5.4792454107317383e+02 5.6114320431495707e+02 5.7877556744208880e+02 6.0229536091593275e+02 6.3366839248656026e+02 6.7551685136126002e+02 7.3133847338860210e+02 8.0579888530229630e+02 9.0512156244774599e+02 1.0376079930462442e+03 1.2143315248437841e+03 1.4500628865380445e+03 1.7645047399856778e+03 2.1839384482922560e+03 2.7434206983010199e+03 3.4897135733745499e+03 4.4851929748690418e+03 5.8130620620584286e+03 7.5843054550066572e+03 9.9469654395863690e+03 1.3098515489092955e+04 1.7302365293707055e+04 2.2909876804597010e+04 3.0389731415542090e+04 4.0367102820348533e+04 5.3675909652473754e+04 7.1428515234490682e+04 9.5108700011831330e+04 1.2669567739936628e+05 1.6882951840872233e+05 2.2503181141135254e+05 3.0000000000000006e+05 4.0000000000000000e+05 5.0000000000000000e+05 6.0000000000000000e+05 7.0000000000000000e+05 8.0000000000000000e+05 9.0000000000000000e+05 1.0000000000000000e+06 1.1000000000000000e+06 1.2000000000000000e+06 1.3000000000000000e+06 1.4000000000000000e+06 1.5000000000000000e+06 1.6000000000000000e+06 1.7000000000000000e+06 1.8000000000000000e+06 1.9000000000000000e+06 2.0000000000000000e+06 2.1000000000000000e+06 2.2000000000000000e+06 2.3000000000000000e+06 2.4000000000000000e+06 2.5000000000000000e+06 2.6000000000000000e+06 2.7000000000000000e+06 2.8000000000000000e+06 2.9000000000000000e+06 3.0000000000000000e+06 3.1000000000000000e+06 3.2000000000000000e+06 3.3000000000000000e+06 3.4000000000000000e+06 3.5000000000000000e+06 3.6000000000000000e+06 3.7000000000000000e+06 3.8000000000000000e+06 3.9000000000000000e+06 4.0000000000000000e+06 4.1000000000000000e+06 4.2000000000000000e+06 4.3000000000000000e+06 4.4000000000000000e+06 4.5000000000000000e+06 4.6000000000000000e+06 4.7000000000000000e+06 4.8000000000000000e+06 4.9000000000000000e+06 5.0000000000000000e+06 5.1000000000000000e+06 5.2000000000000000e+06 5.3000000000000000e+06 5.4000000000000000e+06 5.5000000000000000e+06 5.6000000000000000e+06 5.7000000000000000e+06 5.8000000000000000e+06 5.9000000000000000e+06 6.0000000000000000e+06 6.1000000000000000e+06 6.2000000000000000e+06 6.3000000000000000e+06 6.4000000000000000e+06 6.5000000000000000e+06 6.6000000000000000e+06 6.7000000000000000e+06 6.8000000000000000e+06 6.9000000000000000e+06 7.0000000000000000e+06 7.1000000000000000e+06 7.2000000000000000e+06 7.3000000000000000e+06 7.4000000000000000e+06 7.5000000000000000e+06 7.6000000000000000e+06 7.7000000000000000e+06 7.8000000000000000e+06 7.9000000000000000e+06 8.0000000000000000e+06 8.1000000000000000e+06 8.2000000000000000e+06 8.3000000000000000e+06 8.4000000000000000e+06 8.5000000000000000e+06 8.6000000000000000e+06 8.7000000000000000e+06 8.8000000000000000e+06 8.9000000000000000e+06 9.0000000000000000e+06 9.1000000000000000e+06 9.2000000000000000e+06 9.3000000000000000e+06 9.4000000000000000e+06 9.5000000000000000e+06 9.6000000000000000e+06 9.7000000000000000e+06 9.8000000000000000e+06 9.9000000000000000e+06 1.0000000000000000e+07 
channelStates 5
1.3000000000000000e-01 8.7000000000000000e-01 5.2932485257249577e-02 5.9612075350846028e-01 3.1767691406069742e-01 
uold 1448
1.2006164839749923e+01 1.2499366533093882e+02 1.3699983017167500e+02 -2.7188125957726417e+00 1.2006164839748605e+01 1.2499366533093924e+02 1.3699983017167710e+02 -2.7188125907208245e+00 1.2006180511700444e+01 1.2499365221367908e+02 1.3699983272637073e+02 -2.7188125771252434e+00 1.2006180511699309e+01 1.2499365221368220e+02 1.3699983272636945e+02 -2.7188125720734506e+00 1.2006217079574860e+01 1.2499362160675524e+02 1.3699983868731610e+02 -2.7188125336147273e+00 1.2006217079573831e+01 1.2499362160675460e+02 1.3699983868731931e+02 -2.7188125285628986e+00 1.2006259159191124e+01 1.2499358638655758e+02 1.3699984554673529e+02 -2.7188124835460008e+00 1.2006259159189820e+01 1.2499358638655875e+02 1.3699984554673662e+02 -2.7188124784941881e+00 1.2006299076153839e+01 1.2499355297647526e+02 1.3699985205361995e+02 -2.7188124360505079e+00 1.2006299076152336e+01 1.2499355297647716e+02 1.3699985205362020e+02 -2.7188124309987054e+00 1.2006333689822114e+01 1.2499352400519605e+02 1.3699985769600912e+02 -2.7188123948651919e+00 1.2006333689820256e+01 1.2499352400519997e+02 1.3699985769600661e+02 -2.7188123898134120e+00 1.2006362248297480e+01 1.2499350010205185e+02 1.3699986235133491e+02 -2.7188123608847121e+00 1.2006362248295503e+01 1.2499350010204975e+02 1.3699986235133898e+02 -2.7188123558328856e+00 1.2006385103390842e+01 1.2499348097257219e+02 1.3699986607695627e+02 -2.7188123336903933e+00 1.2006385103389627e+01 1.2499348097257773e+02 1.3699986607695195e+02 -2.7188123286386290e+00 1.2006403034139222e+01 1.2499346596472441e+02 1.3699986899985134e+02 -2.7188123123553884e+00 1.2006403034137344e+01 1.2499346596472390e+02 1.3699986899985370e+02 -2.7188123073035766e+00 1.2006416912987662e+01 1.2499345434827232e+02 1.3699987126224696e+02 -2.7188122958415470e+00 1.2006416912985706e+01 1.2499345434827373e+02 1.3699987126224693e+02 -2.7188122907897538e+00 1.2006427554903203e+01 1.2499344544109758e+02 1.3699987299699086e+02 -2.7188122831791781e+00 1.2006427554901586e+01 1.2499344544110207e+02 1.3699987299698765e+02 -2.7188122781274102e+00 1.2006435660384691e+01 1.2499343865688886e+02 1.3699987431827287e+02 -2.7188122735347808e+00 1.2006435660383035e+01 1.2499343865689221e+02 1.3699987431827094e+02 -2.7188122684830032e+00 1.2006441804262488e+01 1.2499343351455698e+02 1.3699987531975731e+02 -2.7188122662246723e+00 1.2006441804260312e+01 1.2499343351455839e+02 1.3699987531975700e+02 -2.7188122611728835e+00 1.2006446444917339e+01 1.2499342963019829e+02 1.3699987607641563e+02 -2.7188122607016170e+00 1.2006446444915115e+01 1.2499342963020089e+02 1.3699987607641415e+02 -2.7188122556498358e+00 1.2006449941291322e+01 1.2499342670527706e+02 1.3699987664480938e+02 -2.7188122565527557e+00 1.2006449941288901e+01 1.2499342670527930e+02 1.3699987664480852e+02 -2.7188122515009696e+00 1.2006452567507894e+01 1.2499342447535420e+02 1.3699987710563823e+02 -2.7188122531890397e+00 1.2006452567506111e+01 1.2499342447535712e+02 1.3699987710563644e+02 -2.7188122481372603e+00 1.2006454485819608e+01 1.2499342224142849e+02 1.3699987806487374e+02 -2.7188122461873152e+00 1.2006454485817594e+01 1.2499342224143010e+02 1.3699987806487349e+02 -2.7188122411355247e+00 1.2006455648289405e+01 1.2499341768708022e+02 1.3699988193955122e+02 -2.7188122179049747e+00 1.2006455648287575e+01 1.2499341768708199e+02 1.3699988193955079e+02 -2.7188122128531842e+00 1.2006455760079444e+01 1.2499340636619479e+02 1.3699989351052980e+02 -2.7188121334452084e+00 1.2006455760077650e+01 1.2499340636619584e+02 1.3699989351052972e+02 -2.7188121283934152e+00 1.2006454466094242e+01 1.2499338354265335e+02 1.3699991789915788e+02 -2.7188119554259034e+00 1.2006454466092270e+01 1.2499338354265349e+02 1.3699991789915893e+02 -2.7188119503741017e+00 1.2006451639978481e+01 1.2499334711822831e+02 1.3699995735272523e+02 -2.7188116674435290e+00 1.2006451639976477e+01 1.2499334711822885e+02 1.3699995735272580e+02 -2.7188116623917309e+00 1.2006446058262066e+01 1.2499328246236347e+02 1.3700002778020479e+02 -2.7188111533743080e+00 1.2006446058260146e+01 1.2499328246236509e+02 1.3700002778020482e+02 -2.7188111483225135e+00 1.2006435054359343e+01 1.2499316135214104e+02 1.3700016008471957e+02 -2.7188101876485851e+00 1.2006435054356938e+01 1.2499316135214306e+02 1.3700016008471874e+02 -2.7188101825967972e+00 1.2006413836800192e+01 1.2499293390590772e+02 1.3700040894015200e+02 -2.7188083711893474e+00 1.2006413836797714e+01 1.2499293390591058e+02 1.3700040894015032e+02 -2.7188083661375653e+00 1.2006373390204621e+01 1.2499250626893588e+02 1.3700087721930288e+02 -2.7188049531094016e+00 1.2006373390202253e+01 1.2499250626894036e+02 1.3700087721929953e+02 -2.7188049480576315e+00 1.2006296747227877e+01 1.2499170180249008e+02 1.3700175853779294e+02 -2.7187985201896079e+00 1.2006296747225745e+01 1.2499170180249681e+02 1.3700175853778694e+02 -2.7187985151378569e+00 1.2006151972468091e+01 1.2499018804272055e+02 1.3700341732867204e+02 -2.7187864124557142e+00 1.2006151972466492e+01 1.2499018804273163e+02 1.3700341732866121e+02 -2.7187864074039991e+00 1.2005878957956947e+01 1.2498733923499755e+02 1.3700653957428463e+02 -2.7187636231699388e+00 1.2005878957956273e+01 1.2498733923501671e+02 1.3700653957426451e+02 -2.7187636181182913e+00 1.2005364573411901e+01 1.2498197763540088e+02 1.3701241657308009e+02 -2.7187207283362600e+00 1.2005364573412484e+01 1.2498197763543588e+02 1.3701241657304269e+02 -2.7187207232847390e+00 1.2004395908303852e+01 1.2497188673689648e+02 1.3702347924569258e+02 -2.7186399894790032e+00 1.2004395908307844e+01 1.2497188673696118e+02 1.3702347924562264e+02 -2.7186399844277189e+00 1.2002572317124569e+01 1.2495289561591490e+02 1.3704430448646499e+02 -2.7184880180197899e+00 1.2002572317133607e+01 1.2495289561603597e+02 1.3704430448633315e+02 -2.7184880129689577e+00 1.0003619456564807e+02 4.0021068210676347e+00 1.0396151360081603e+02 -3.7049522756222447e-04 1.0003619456553783e+02 4.0021068210630624e+00 1.0396151360093081e+02 -3.7049830143875832e-04 1.0002057892094774e+02 4.0014816685608059e+00 1.0397774513484060e+02 -2.1437719658883462e-04 1.0002057892088419e+02 4.0014816685581076e+00 1.0397774513490684e+02 -2.1438027093209365e-04 1.0001156820609449e+02 4.0011207572270351e+00 1.0398711380203453e+02 -1.2427863686776262e-04 1.0001156820605793e+02 4.0011207572254186e+00 1.0398711380207277e+02 -1.2428171148033340e-04 1.0000636855534316e+02 4.0009123140032914e+00 1.0399252103657260e+02 -7.2280906120050540e-05 1.0000636855532213e+02 4.0009123140022957e+00 1.0399252103659472e+02 -7.2283980888000136e-05 1.0000336807974267e+02 4.0007918527031725e+00 1.0399564181318482e+02 -4.2271730808039216e-05 1.0000336807973062e+02 4.0007918527025357e+00 1.0399564181319758e+02 -4.2274805665734826e-05 1.0000163669629536e+02 4.0007221638776524e+00 1.0399744295789310e+02 -2.4952455709971946e-05 1.0000163669628844e+02 4.0007221638772172e+00 1.0399744295790050e+02 -2.4955530619527711e-05 1.0000063769133038e+02 4.0006817754449324e+00 1.0399848250110075e+02 -1.4956651895498918e-05 1.0000063769132647e+02 4.0006817754446340e+00 1.0399848250110502e+02 -1.4959726834998640e-05 1.0000006133171979e+02 4.0006582960408794e+00 1.0399908251555848e+02 -9.1872142789839815e-06 1.0000006133171756e+02 4.0006582960406449e+00 1.0399908251556091e+02 -9.1902892356475973e-06 9.9999728862132827e+01 4.0006445742758698e+00 1.0399942889075338e+02 -5.8566593861858111e-06 9.9999728862131647e+01 4.0006445742756842e+00 1.0399942889075483e+02 -5.8597343528494318e-06 9.9999537105605356e+01 4.0006364823924301e+00 1.0399962892566751e+02 -3.9332376555080095e-06 9.9999537105604745e+01 4.0006364823922684e+00 1.0399962892566836e+02 -3.9363126279806508e-06 9.9999426489329409e+01 4.0006316370861477e+00 1.0399974457450172e+02 -2.8212258578001233e-06 9.9999426489329124e+01 4.0006316370859984e+00 1.0399974457450220e+02 -2.8243008337175027e-06 9.9999357513209333e+01 4.0006284113942074e+00 1.0399981698454371e+02 -2.1249734591005749e-06 9.9999357513209247e+01 4.0006284113940609e+00 1.0399981698454394e+02 -2.1280484373471006e-06 9.9999312172107111e+01 4.0006259764283447e+00 1.0399986503814277e+02 -1.6629181260197008e-06 9.9999312172107167e+01 4.0006259764282124e+00 1.0399986503814287e+02 -1.6659931056864720e-06 9.9999289141984150e+01 4.0006242281654609e+00 1.0399989018608926e+02 -1.4211094576909844e-06 9.9999289141984264e+01 4.0006242281653339e+00 1.0399989018608930e+02 -1.4241844380649348e-06 9.9999281501752137e+01 4.0006228221140541e+00 1.0399989972410157e+02 -1.3293958281133309e-06 9.9999281501752222e+01 4.0006228221139271e+00 1.0399989972410165e+02 -1.3324708084979240e-06 9.9999281200914041e+01 4.0006213469023759e+00 1.0399990215387076e+02 -1.3060296513941168e-06 9.9999281200914169e+01 4.0006213469022489e+00 1.0399990215387079e+02 -1.3091046321837551e-06 9.9999283295428526e+01 4.0006194871602787e+00 1.0399990278720740e+02 -1.2999350291886659e-06 9.9999283295428583e+01 4.0006194871601455e+00 1.0399990278720745e+02 -1.3030100095703647e-06 9.9999286330146745e+01 4.0006170305343893e+00 1.0399990336022957e+02 -1.2944172255870918e-06 9.9999286330146830e+01 4.0006170305342597e+00 1.0399990336022955e+02 -1.2974922063569632e-06 9.9999290344459553e+01 4.0006137776949293e+00 1.0399990412216992e+02 -1.2870775625918249e-06 9.9999290344459723e+01 4.0006137776947970e+00 1.0399990412216984e+02 -1.2901525440625828e-06 9.9999295646551730e+01 4.0006094811142834e+00 1.0399990512761339e+02 -1.2773873558209338e-06 9.9999295646551872e+01 4.0006094811141528e+00 1.0399990512761335e+02 -1.2804623370999797e-06 9.9999302626721473e+01 4.0006038237276167e+00 1.0399990645040873e+02 -1.2646298664128983e-06 9.9999302626721573e+01 4.0006038237274817e+00 1.0399990645040872e+02 -1.2677048477761817e-06 9.9999311777887073e+01 4.0005964051257648e+00 1.0399990818297009e+02 -1.2479049317423053e-06 9.9999311777887286e+01 4.0005964051256342e+00 1.0399990818296993e+02 -1.2509799149853424e-06 9.9999323710498842e+01 4.0005867287600392e+00 1.0399991043921649e+02 -1.2260971067152415e-06 9.9999323710498842e+01 4.0005867287599033e+00 1.0399991043921658e+02 -1.2291720882499624e-06 9.9999339161935509e+01 4.0005741937333319e+00 1.0399991335562645e+02 -1.1978593749846203e-06 9.9999339161935623e+01 4.0005741937331996e+00 1.0399991335562633e+02 -1.2009343588383681e-06 9.9999358993010475e+01 4.0005580965124850e+00 1.0399991708948045e+02 -1.1616196189807676e-06 9.9999358993010389e+01 4.0005580965123464e+00 1.0399991708948052e+02 -1.1646946022086587e-06 9.9999384162124201e+01 4.0005376500061782e+00 1.0399992181208827e+02 -1.1156282506364785e-06 9.9999384162124358e+01 4.0005376500060530e+00 1.0399992181208802e+02 -1.1187032383107189e-06 9.9999415665522250e+01 4.0005120288727074e+00 1.0399992769435282e+02 -1.0580680301386336e-06 9.9999415665522307e+01 4.0005120288725831e+00 1.0399992769435262e+02 -1.0611430188025530e-06 9.9999454432347292e+01 4.0004804494892037e+00 1.0399993488179463e+02 -9.8724686915344417e-07 9.9999454432347306e+01 4.0004804494890776e+00 1.0399993488179447e+02 -9.9032185928012339e-07 9.9999501166832331e+01 4.0004422897021241e+00 1.0399994345649289e+02 -9.0188788516517258e-07 9.9999501166832260e+01 4.0004422897019927e+00 1.0399994345649280e+02 -9.0496287683176372e-07 9.9999556136633473e+01 4.0003972477009242e+00 1.0399995338429342e+02 -8.0151877250856672e-07 9.9999556136633387e+01 4.0003972477007963e+00 1.0399995338429331e+02 -8.0459376720085082e-07 9.9999618912791647e+01 4.0003455340678657e+00 1.0399996444681973e+02 -6.8695078873336329e-07 9.9999618912791618e+01 4.0003455340677396e+00 1.0399996444681952e+02 -6.9002578799503386e-07 9.9999688069685320e+01 4.0002880903725897e+00 1.0399997616001984e+02 -5.6083203412404209e-07 9.9999688069685234e+01 4.0002880903724574e+00 1.0399997616001968e+02 -5.6390703850385038e-07 9.9999760859224523e+01 4.0002268300844035e+00 1.0399998768927364e+02 -4.2824751490172520e-07 9.9999760859224381e+01 4.0002268300842792e+00 1.0399998768927340e+02 -4.3132252728901789e-07 9.9999832918349327e+01 4.0001648826079839e+00 1.0399999780092644e+02 -2.9725235693712995e-07 9.9999832918349128e+01 4.0001648826078675e+00 1.0399999780092618e+02 -3.0032737506485435e-07 9.9999898233433342e+01 4.0001067343759997e+00 1.0400000496778466e+02 -1.7891454404144461e-07 9.9999898233433200e+01 4.0001067343759207e+00 1.0400000496778441e+02 -1.8198956410707818e-07 9.9999949938940901e+01 4.0000579257631719e+00 1.0400000786468733e+02 -8.5786769441476307e-08 9.9999949938940773e+01 4.0000579257631186e+00 1.0400000786468713e+02 -8.8861792104334890e-08 9.9999982794772777e+01 4.0000236382538148e+00 1.0400000643301806e+02 -2.7260348921438531e-08 9.9999982794772393e+01 4.0000236382538086e+00 1.0400000643301772e+02 -3.0335372516017050e-08 9.9999997088062301e+01 4.0000057733883896e+00 1.0400000286144828e+02 -2.3860075296918257e-09 9.9999997088062131e+01 4.0000057733883709e+00 1.0400000286144808e+02 -5.4610621824999064e-09 1.0000000004094915e+02 4.0000003735960075e+00 1.0400000041454507e+02 2.4129575783232882e-09 1.0000000004094917e+02 4.0000003735960243e+00 1.0400000041454507e+02 -6.6212445581728162e-10 1.0000000001068321e+02 3.9999999492206184e+00 1.0399999995990386e+02 2.2683274266279673e-09 1.0000000001068277e+02 3.9999999492206211e+00 1.0399999995990345e+02 -8.0669815669684446e-10 9.9999999997245794e+01 4.0000000066058021e+00 1.0400000000385155e+02 2.2530115682902305e-09 9.9999999997245595e+01 4.0000000066058297e+00 1.0400000000385141e+02 -8.2203574940601781e-10 1.0000000000055979e+02 3.9999999990330455e+00 1.0399999999959284e+02 2.2580227568912492e-09 1.0000000000056056e+02 3.9999999990330397e+00 1.0399999999959361e+02 -8.1693999244344255e-10 9.9999999999890491e+01 4.0000000001571214e+00 1.0400000000004763e+02 2.2566917793660914e-09 9.9999999999890036e+01 4.0000000001571330e+00 1.0400000000004715e+02 -8.1799752316111081e-10 1.0000000000002140e+02 3.9999999999725069e+00 1.0399999999999392e+02 2.2565553269383398e-09 1.0000000000002153e+02 3.9999999999725220e+00 1.0399999999999406e+02 -8.1761816951790759e-10 9.9999999999995879e+01 4.0000000000050822e+00 1.0400000000000097e+02 2.2565345197836709e-09 9.9999999999995808e+01 4.0000000000050093e+00 1.0400000000000082e+02 -8.1779270132058926e-10 1.0000000000000084e+02 3.9999999999990266e+00 1.0399999999999986e+02 2.2575247332205728e-09 1.0000000000000081e+02 3.9999999999990572e+00 1.0399999999999989e+02 -8.1920651296402292e-10 1.0000000000000009e+02 4.0000000000002149e+00 1.0400000000000031e+02 2.2600766835185997e-09 9.9999999999999616e+01 4.0000000000001563e+00 1.0399999999999977e+02 -8.2197924458378788e-10 1.0000000000000011e+02 3.9999999999999192e+00 1.0400000000000001e+02 2.2634652891185346e-09 1.0000000000000006e+02 3.9999999999999827e+00 1.0400000000000009e+02 -8.2670787869387313e-10 1.0000000000000014e+02 4.0000000000000373e+00 1.0400000000000017e+02 2.2656224028617163e-09 9.9999999999999730e+01 4.0000000000000107e+00 1.0399999999999973e+02 -8.3538089862337246e-10 1.0000000000000001e+02 3.9999999999999583e+00 1.0399999999999999e+02 2.2714569914726524e-09 1.0000000000000000e+02 4.0000000000000195e+00 1.0400000000000001e+02 -8.4591413612243316e-10 1.0000000000000007e+02 4.0000000000000453e+00 1.0400000000000011e+02 2.2779939573799147e-09 9.9999999999999886e+01 3.9999999999999796e+00 1.0399999999999986e+02 -8.4200459519912190e-10 1.0000000000000000e+02 4.0000000000000062e+00 1.0399999999999999e+02 2.2920193199771971e-09 1.0000000000000006e+02 3.9999999999999898e+00 1.0400000000000006e+02 -8.2688815034098107e-10 9.9999999999999943e+01 3.9999999999999818e+00 1.0399999999999994e+02 2.3711466925742696e-09 9.9999999999999858e+01 4.0000000000000302e+00 1.0399999999999990e+02 -8.7943650116455422e-10 1.0000000000000044e+02 4.0000000000000000e+00 1.0400000000000041e+02 2.4623272383844834e-09 9.9999999999999915e+01 4.0000000000000018e+00 1.0399999999999993e+02 -9.2310853854316893e-10 1.0000000000000009e+02 4.0000000000000204e+00 1.0400000000000011e+02 2.4674911096044942e-09 1.0000000000000006e+02 3.9999999999999765e+00 1.0400000000000001e+02 -8.7298110669890726e-10 9.9999999999999403e+01 3.9999999999999867e+00 1.0399999999999936e+02 2.4436790687178065e-09 1.0000000000000057e+02 4.0000000000000275e+00 1.0400000000000061e+02 -7.9440565896048962e-10 1.0000000000000027e+02 4.0000000000000231e+00 1.0400000000000031e+02 2.3894964176567808e-09 9.9999999999999702e+01 3.9999999999999858e+00 1.0399999999999969e+02 -6.6121999651308249e-10 9.9999999999999517e+01 3.9999999999999942e+00 1.0399999999999950e+02 2.4486466689535914e-09 1.0000000000000050e+02 4.0000000000000240e+00 1.0400000000000053e+02 -6.7257230912482103e-10 1.0000000000000047e+02 3.9999999999999920e+00 1.0400000000000048e+02 2.6785928306801021e-09 9.9999999999999361e+01 3.9999999999999951e+00 1.0399999999999936e+02 -8.4891444529253611e-10 9.9999999999999417e+01 4.0000000000000187e+00 1.0399999999999939e+02 2.7785572731389383e-09 1.0000000000000064e+02 3.9999999999999631e+00 1.0400000000000064e+02 -9.3674976201950342e-10 1.0000000000000023e+02 4.0000000000000089e+00 1.0400000000000024e+02 2.9504877587909752e-09 9.9999999999999616e+01 4.0000000000000124e+00 1.0399999999999963e+02 -1.0339278876904789e-09 1.0000000000000010e+02 4.0000000000000195e+00 1.0400000000000011e+02 3.1597676114404623e-09 9.9999999999999801e+01 3.9999999999999702e+00 1.0399999999999979e+02 -1.2334432072832635e-09 1.0000000000000010e+02 3.9999999999999898e+00 1.0400000000000009e+02 3.4079080589082433e-09 9.9999999999999929e+01 4.0000000000000231e+00 1.0399999999999996e+02 -1.4964359887141593e-09 9.9999999999999915e+01 3.9999999999999654e+00 1.0399999999999991e+02 3.6039614584013894e-09 9.9999999999999872e+01 4.0000000000000089e+00 1.0399999999999987e+02 -1.7093023016980479e-09 1.0000000000000026e+02 4.0000000000000053e+00 1.0400000000000026e+02 3.7937616488501297e-09 1.0000000000000007e+02 4.0000000000000133e+00 1.0400000000000010e+02 -2.0008424435198388e-09 1.0000000000000004e+02 3.9999999999999538e+00 1.0399999999999996e+02 3.9591050116542118e-09 1.0000000000000003e+02 4.0000000000000329e+00 1.0400000000000007e+02 -2.2433955167211531e-09 1.0000000000000000e+02 4.0000000000000089e+00 1.0400000000000003e+02 4.0496167376569558e-09 9.9999999999999915e+01 4.0000000000000169e+00 1.0399999999999993e+02 -2.4611707223227744e-09 1.0000000000000013e+02 3.9999999999999933e+00 1.0400000000000010e+02 4.1989341611248991e-09 9.9999999999999915e+01 3.9999999999999885e+00 1.0399999999999990e+02 -2.6883025955704333e-09 9.9999999999999773e+01 3.9999999999999969e+00 1.0399999999999980e+02 4.4871686294612716e-09 1.0000000000000033e+02 3.9999999999999996e+00 1.0400000000000033e+02 -2.9450679955721388e-09 1.0000000000000011e+02 3.9999999999999822e+00 1.0400000000000010e+02 4.5972222332638915e-09 9.9999999999999901e+01 4.0000000000000222e+00 1.0399999999999991e+02 -2.9293666685161485e-09 9.9999999999999289e+01 3.9999999999999849e+00 1.0399999999999928e+02 4.6363321575059991e-09 1.0000000000000041e+02 4.0000000000000071e+00 1.0400000000000043e+02 -2.9027788085632742e-09 1.0000000000000023e+02 3.9999999999999973e+00 1.0400000000000024e+02 4.6094645731550900e-09 9.9999999999999815e+01 4.0000000000000009e+00 1.0399999999999980e+02 -2.8830805570953784e-09 9.9999999999999957e+01 4.0000000000000231e+00 1.0399999999999997e+02 4.5047065330038624e-09 9.9999999999999972e+01 3.9999999999999778e+00 1.0399999999999996e+02 -2.9033490169805001e-09 1.0000000000000018e+02 3.9999999999999720e+00 1.0400000000000014e+02 4.4986394805930246e-09 1.0000000000000018e+02 3.9999999999999840e+00 1.0400000000000016e+02 -2.9729559052290073e-09 9.9999999999999929e+01 3.9999999999999942e+00 1.0399999999999996e+02 4.5118055288469653e-09 9.9999999999999886e+01 3.9999999999999933e+00 1.0399999999999986e+02 -3.0636438231105631e-09 1.0000000000000051e+02 4.0000000000000187e+00 1.0400000000000051e+02 4.4802474203672270e-09 9.9999999999999787e+01 3.9999999999999636e+00 1.0399999999999979e+02 -3.0753428562566857e-09 9.9999999999999986e+01 3.9999999999999969e+00 1.0400000000000000e+02 4.5116729509593013e-09 9.9999999999999901e+01 3.9999999999999907e+00 1.0399999999999986e+02 -3.1329390755684777e-09 9.9999999999999716e+01 4.0000000000000187e+00 1.0399999999999974e+02 4.5810930153422073e-09 1.0000000000000006e+02 3.9999999999999782e+00 1.0400000000000001e+02 -3.2059996212596218e-09 9.9999999999999915e+01 4.0000000000000311e+00 1.0399999999999996e+02 4.5653443831198481e-09 1.0000000000000034e+02 3.9999999999999516e+00 1.0400000000000030e+02 -3.1188272845431555e-09 1.0000000000000023e+02 3.9999999999999969e+00 1.0400000000000018e+02 4.6657080280340747e-09 9.9999999999999702e+01 4.0000000000000391e+00 1.0399999999999976e+02 -3.1946003994573354e-09 9.9999999999999744e+01 3.9999999999999876e+00 1.0399999999999976e+02 4.8248654362788309e-09 1.0000000000000011e+02 4.0000000000000053e+00 1.0400000000000009e+02 -3.2890697648706540e-09 1.0000000000000053e+02 4.0000000000000089e+00 1.0400000000000053e+02 4.8702116117379629e-09 9.9999999999999446e+01 3.9999999999999853e+00 1.0399999999999947e+02 -3.2241391189107014e-09 9.9999999999999986e+01 4.0000000000000142e+00 1.0400000000000001e+02 4.9293479639078772e-09 9.9999999999999901e+01 3.9999999999999987e+00 1.0399999999999989e+02 -3.1935630241863045e-09 9.9999999999999616e+01 3.9999999999999996e+00 1.0399999999999960e+02 4.9832600991449104e-09 1.0000000000000048e+02 3.9999999999999951e+00 1.0400000000000048e+02 -3.1658901694868952e-09 1.0000000000000006e+02 4.0000000000000160e+00 1.0400000000000007e+02 5.1279430685399586e-09 9.9999999999999957e+01 3.9999999999999596e+00 1.0399999999999990e+02 -3.1587955244707799e-09 1.0000000000000021e+02 3.9999999999999658e+00 1.0400000000000018e+02 5.3631981859013675e-09 9.9999999999999787e+01 4.0000000000000657e+00 1.0399999999999987e+02 -3.2399810674971597e-09 1.0000000000000014e+02 3.9999999999999987e+00 1.0400000000000016e+02 5.6875865024440688e-09 1.0000000000000001e+02 3.9999999999999614e+00 1.0399999999999996e+02 -3.4157609638546004e-09 9.9999999999999758e+01 4.0000000000000071e+00 1.0399999999999977e+02 5.8219026481698037e-09 1.0000000000000007e+02 3.9999999999999996e+00 1.0400000000000010e+02 -3.5002034249364616e-09 1.0000000000000020e+02 3.9999999999999569e+00 1.0400000000000017e+02 5.8758564247194436e-09 9.9999999999999659e+01 4.0000000000000577e+00 1.0399999999999970e+02 -3.5181640967853204e-09 9.9999999999999559e+01 4.0000000000000160e+00 1.0399999999999960e+02 5.7931685234482974e-09 1.0000000000000017e+02 3.9999999999999409e+00 1.0400000000000011e+02 -3.4373363653997299e-09 1.0000000000000036e+02 3.9999999999999929e+00 1.0400000000000034e+02 5.6732713432223503e-09 9.9999999999999972e+01 4.0000000000000107e+00 1.0400000000000000e+02 -3.3291583446640254e-09 9.9999999999999815e+01 4.0000000000000471e+00 1.0399999999999987e+02 5.6361950894397360e-09 9.9999999999999872e+01 3.9999999999999765e+00 1.0399999999999983e+02 -3.2394896741459230e-09 1.0000000000000050e+02 3.9999999999999649e+00 1.0400000000000045e+02 5.4344204460418689e-09 9.9999999999999730e+01 4.0000000000000027e+00 1.0399999999999973e+02 -3.0342282961117979e-09 9.9999999999999858e+01 4.0000000000000302e+00 1.0399999999999987e+02 5.2964085021175297e-09 1.0000000000000013e+02 3.9999999999999911e+00 1.0400000000000014e+02 -2.7635477392285398e-09 1.0000000000000009e+02 4.0000000000000115e+00 1.0400000000000011e+02 5.1323300955523411e-09 9.9999999999999858e+01 3.9999999999999725e+00 1.0399999999999984e+02 -2.5204797251223519e-09 1.0000000000000016e+02 4.0000000000000160e+00 1.0400000000000018e+02 4.7661745389061618e-09 9.9999999999999716e+01 4.0000000000000240e+00 1.0399999999999970e+02 -2.1826913522980257e-09 9.9999999999999631e+01 3.9999999999999880e+00 1.0399999999999962e+02 4.4403409320124206e-09 1.0000000000000038e+02 3.9999999999999978e+00 1.0400000000000040e+02 -1.8739015017202850e-09 1.0000000000000037e+02 4.0000000000000080e+00 1.0400000000000037e+02 4.2747582627573776e-09 9.9999999999999545e+01 3.9999999999999849e+00 1.0399999999999952e+02 -1.6203593562452696e-09 9.9999999999999716e+01 3.9999999999999973e+00 1.0399999999999969e+02 3.9467723208421563e-09 1.0000000000000027e+02 3.9999999999999951e+00 1.0400000000000028e+02 -1.2687263724247590e-09 1.0000000000000000e+02 3.9999999999999969e+00 1.0400000000000001e+02 3.8177759256971122e-09 1.0000000000000020e+02 3.9999999999999853e+00 1.0400000000000016e+02 -1.1086475146661992e-09 1.0000000000000047e+02 3.9999999999999916e+00 1.0400000000000045e+02 3.7079782268684274e-09 9.9999999999999332e+01 4.0000000000000195e+00 1.0399999999999937e+02 -9.4312910926862861e-10 9.9999999999999559e+01 3.9999999999999898e+00 1.0399999999999956e+02 3.8598056259376266e-09 1.0000000000000055e+02 4.0000000000000266e+00 1.0400000000000060e+02 -1.0059627288155420e-09 1.0000000000000048e+02 3.9999999999999893e+00 1.0400000000000047e+02 3.9877779772869483e-09 9.9999999999999503e+01 3.9999999999999818e+00 1.0399999999999949e+02 -1.1139243473232485e-09 1.0000000000000006e+02 3.9999999999999889e+00 1.0400000000000006e+02 4.0711075550953450e-09 1.0000000000000003e+02 4.0000000000000044e+00 1.0400000000000003e+02 -1.2235558277332878e-09 1.0000000000000000e+02 4.0000000000000036e+00 1.0400000000000001e+02 4.0370174779000772e-09 9.9999999999999901e+01 3.9999999999999720e+00 1.0399999999999986e+02 -1.3061100565990101e-09 1.0000000000000023e+02 3.9999999999999964e+00 1.0400000000000021e+02 4.0229206157868464e-09 9.9999999999999702e+01 4.0000000000000027e+00 1.0399999999999972e+02 -1.4205128541616625e-09 9.9999999999999545e+01 4.0000000000000107e+00 1.0399999999999957e+02 3.9188831402954891e-09 1.0000000000000024e+02 4.0000000000000053e+00 1.0400000000000020e+02 -1.4939427289882691e-09 1.0000000000000024e+02 3.9999999999999822e+00 1.0400000000000020e+02 3.6981936706469272e-09 9.9999999999999758e+01 4.0000000000000169e+00 1.0399999999999979e+02 -1.3880182099325257e-09 9.9999999999999616e+01 4.0000000000000204e+00 1.0399999999999966e+02 3.5730744051114105e-09 1.0000000000000027e+02 3.9999999999999907e+00 1.0400000000000026e+02 -1.3688281212993163e-09 1.0000000000000037e+02 3.9999999999999916e+00 1.0400000000000034e+02 3.3252033673070295e-09 9.9999999999999815e+01 3.9999999999999947e+00 1.0399999999999982e+02 -1.2738204644203986e-09 9.9999999999999659e+01 4.0000000000000053e+00 1.0399999999999964e+02 3.1650118338143826e-09 1.0000000000000018e+02 3.9999999999999631e+00 1.0400000000000016e+02 -1.1769561037695187e-09 1.0000000000000037e+02 3.9999999999999827e+00 1.0400000000000036e+02 3.1249383442287469e-09 9.9999999999999702e+01 4.0000000000000115e+00 1.0399999999999972e+02 -1.2192219595889916e-09 1.0000000000000027e+02 3.9999999999999778e+00 1.0400000000000023e+02 3.0995839879154093e-09 9.9999999999999631e+01 4.0000000000000240e+00 1.0399999999999966e+02 -1.3096185620955757e-09 9.9999999999999261e+01 4.0000000000000169e+00 1.0399999999999928e+02 3.0947662080195703e-09 1.0000000000000043e+02 3.9999999999999867e+00 1.0400000000000041e+02 -1.5031247728400643e-09 1.0000000000000003e+02 4.0000000000000000e+00 1.0400000000000001e+02 3.1540320029756027e-09 1.0000000000000003e+02 3.9999999999999880e+00 1.0400000000000003e+02 -1.8219641413994010e-09 9.9999999999999829e+01 3.9999999999999734e+00 1.0399999999999980e+02 3.3402583199921564e-09 1.0000000000000026e+02 4.0000000000000346e+00 1.0400000000000028e+02 -2.2787983705398007e-09 1.0000000000000033e+02 4.0000000000000053e+00 1.0400000000000036e+02 3.5418571351916658e-09 9.9999999999999559e+01 3.9999999999999618e+00 1.0399999999999950e+02 -2.7877495498938010e-09 9.9999999999999758e+01 3.9999999999999947e+00 1.0399999999999976e+02 3.6302781020182961e-09 9.9999999999999744e+01 4.0000000000000329e+00 1.0399999999999976e+02 -3.2215385249632198e-09 1.0000000000000007e+02 4.0000000000000320e+00 1.0400000000000010e+02 3.6579150640622820e-09 1.0000000000000033e+02 3.9999999999999787e+00 1.0400000000000031e+02 -3.5856403189482033e-09 9.9999999999999659e+01 3.9999999999999871e+00 1.0399999999999964e+02 3.6215459160498327e-09 9.9999999999999886e+01 4.0000000000000089e+00 1.0399999999999991e+02 -3.9091596238004099e-09 1.0000000000000004e+02 4.0000000000000124e+00 1.0400000000000001e+02 3.5889767322387935e-09 1.0000000000000016e+02 3.9999999999999876e+00 1.0400000000000014e+02 -4.2541496474125047e-09 1.0000000000000026e+02 4.0000000000000098e+00 1.0400000000000028e+02 3.5966693854231068e-09 9.9999999999999474e+01 4.0000000000000098e+00 1.0399999999999949e+02 -4.4537803902699795e-09 1.0000000000000009e+02 3.9999999999999596e+00 1.0400000000000001e+02 3.3563535005172193e-09 9.9999999999999886e+01 4.0000000000000018e+00 1.0399999999999991e+02 -4.3769540238514720e-09 9.9999999999999773e+01 4.0000000000000107e+00 1.0399999999999982e+02 3.1764294889616277e-09 1.0000000000000011e+02 4.0000000000000107e+00 1.0400000000000009e+02 -4.3275371765393642e-09 1.0000000000000001e+02 4.0000000000000089e+00 1.0400000000000000e+02 3.0143313036980051e-09 9.9999999999999957e+01 3.9999999999999942e+00 1.0399999999999999e+02 -4.1952660165392167e-09 1.0000000000000010e+02 3.9999999999999418e+00 1.0400000000000004e+02 2.8057664943788603e-09 9.9999999999999929e+01 4.0000000000000551e+00 1.0399999999999997e+02 -4.0210913472466320e-09 9.9999999999999915e+01 4.0000000000000835e+00 1.0400000000000003e+02 2.5403953731510572e-09 1.0000000000000000e+02 3.9999999999999476e+00 1.0399999999999993e+02 -3.8255304276434015e-09 1.0000000000000038e+02 3.9999999999999329e+00 1.0400000000000030e+02 2.2968417810945731e-09 9.9999999999999858e+01 4.0000000000000195e+00 1.0399999999999987e+02 -3.6089350494548038e-09 9.9999999999999744e+01 3.9999999999999991e+00 1.0399999999999973e+02 2.1759709266646366e-09 1.0000000000000037e+02 4.0000000000000151e+00 1.0400000000000037e+02 -3.4805215732181710e-09 9.9999999999999730e+01 3.9999999999999853e+00 1.0399999999999974e+02 2.0174018029646954e-09 9.9999999999999943e+01 3.9999999999999947e+00 1.0399999999999994e+02 -3.3010732303906267e-09 9.9999999999999673e+01 4.0000000000000444e+00 1.0399999999999969e+02 1.7814411660036870e-09 1.0000000000000033e+02 3.9999999999999756e+00 1.0400000000000031e+02 -3.0849380585211921e-09 1.0000000000000014e+02 4.0000000000000195e+00 1.0400000000000016e+02 1.5851016591325164e-09 9.9999999999999588e+01 3.9999999999999925e+00 1.0399999999999959e+02 -2.9260602712143316e-09 9.9999999999999886e+01 3.9999999999999800e+00 1.0399999999999986e+02 1.5406758722679490e-09 1.0000000000000017e+02 3.9999999999999920e+00 1.0400000000000017e+02 -2.8156319766181869e-09 9.9999999999999972e+01 3.9999999999999920e+00 1.0399999999999997e+02 1.4831546874194486e-09 9.9999999999999957e+01 4.0000000000000338e+00 1.0399999999999999e+02 -2.6993077962188883e-09 9.9999999999999858e+01 4.0000000000000577e+00 1.0399999999999993e+02 1.3339507625770609e-09 1.0000000000000009e+02 3.9999999999999307e+00 1.0400000000000003e+02 -2.4475844196114644e-09 9.9999999999999886e+01 3.9999999999999689e+00 1.0399999999999986e+02 1.0346707978698064e-09 9.9999999999999829e+01 4.0000000000000329e+00 1.0399999999999983e+02 -1.9876002269914594e-09 1.0000000000000013e+02 4.0000000000000231e+00 1.0400000000000013e+02 8.7074495662179666e-10 1.0000000000000007e+02 3.9999999999999618e+00 1.0400000000000007e+02 -1.6640539095814678e-09 9.9999999999999929e+01 4.0000000000000089e+00 1.0399999999999993e+02 7.7505852387137880e-10 9.9999999999999972e+01 4.0000000000000018e+00 1.0399999999999997e+02 -1.4174628000581010e-09 1.0000000000000014e+02 3.9999999999999836e+00 1.0400000000000013e+02 7.4791622211318854e-10 9.9999999999999716e+01 4.0000000000000204e+00 1.0399999999999974e+02 -1.2089747664137561e-09 9.9999999999999829e+01 3.9999999999999907e+00 1.0399999999999980e+02 6.1089889475504780e-10 1.0000000000000020e+02 3.9999999999999991e+00 1.0400000000000021e+02 -9.1659101867912246e-10 1.0000000000000001e+02 3.9999999999999813e+00 1.0400000000000003e+02 4.2911243418513628e-10 9.9999999999999602e+01 4.0000000000000160e+00 1.0399999999999960e+02 -5.8447315860821461e-10 9.9999999999999872e+01 4.0000000000000071e+00 1.0399999999999986e+02 3.0853988052381237e-10 1.0000000000000045e+02 3.9999999999999938e+00 1.0400000000000047e+02 -3.9391538680070006e-10 1.0000000000000023e+02 3.9999999999999729e+00 1.0400000000000018e+02 2.8980878540833039e-10 9.9999999999999545e+01 3.9999999999999933e+00 1.0399999999999955e+02 -2.3989674614835690e-10 9.9999999999999403e+01 4.0000000000000169e+00 1.0399999999999946e+02 2.9271573185713101e-10 1.0000000000000081e+02 3.9999999999999809e+00 1.0400000000000077e+02 -1.6962123740283550e-10 1.0000000000000033e+02 4.0000000000000222e+00 1.0400000000000036e+02 3.2840441764555308e-10 9.9999999999999375e+01 3.9999999999999711e+00 1.0399999999999939e+02 -1.4051947099340852e-10 1.0000000000000004e+02 4.0000000000000258e+00 1.0400000000000009e+02 2.9101894358140143e-10 1.0000000000000030e+02 3.9999999999999813e+00 1.0400000000000026e+02 -1.2742032829129506e-10 9.9999999999999602e+01 3.9999999999999645e+00 1.0399999999999956e+02 2.4141113350546619e-10 1.0000000000000016e+02 4.0000000000000195e+00 1.0400000000000018e+02 -8.9294193086779201e-11 1.0000000000000043e+02 4.0000000000000187e+00 1.0400000000000045e+02 1.5024305492628896e-10 9.9999999999999744e+01 4.0000000000000089e+00 1.0399999999999976e+02 1.1189008935966222e-11 9.9999999999999488e+01 4.0000000000000178e+00 1.0399999999999952e+02 1.2239336399991550e-10 1.0000000000000038e+02 3.9999999999999654e+00 1.0400000000000034e+02 -3.4983761678514916e-11 1.0000000000000000e+02 4.0000000000000000e+00 1.0400000000000000e+02 0.0000000000000000e+00 1.0000000000000000e+02 4.0000000000000000e+00 1.0400000000000000e+02 0.0000000000000000e+00 
unew 1448
1.2006164839749923e+01 1.2499366533093882e+02 1.3699983017167500e+02 -2.7188125957726417e+00 1.2006164839748605e+01 1.2499366533093924e+02 1.3699983017167710e+02 -2.7188125907208245e+00 1.2006180511700444e+01 1.2499365221367908e+02 1.3699983272637073e+02 -2.7188125771252434e+00 1.2006180511699309e+01 1.2499365221368220e+02 1.3699983272636945e+02 -2.7188125720734506e+00 1.2006217079574860e+01 1.2499362160675524e+02 1.3699983868731610e+02 -2.7188125336147273e+00 1.2006217079573831e+01 1.2499362160675460e+02 1.3699983868731931e+02 -2.7188125285628986e+00 1.2006259159191124e+01 1.2499358638655758e+02 1.3699984554673529e+02 -2.7188124835460008e+00 1.2006259159189820e+01 1.2499358638655875e+02 1.3699984554673662e+02 -2.7188124784941881e+00 1.2006299076153839e+01 1.2499355297647526e+02 1.3699985205361995e+02 -2.7188124360505079e+00 1.2006299076152336e+01 1.2499355297647716e+02 1.3699985205362020e+02 -2.7188124309987054e+00 1.2006333689822114e+01 1.2499352400519605e+02 1.3699985769600912e+02 -2.7188123948651919e+00 1.2006333689820256e+01 1.2499352400519997e+02 1.3699985769600661e+02 -2.7188123898134120e+00 1.2006362248297480e+01 1.2499350010205185e+02 1.3699986235133491e+02 -2.7188123608847121e+00 1.2006362248295503e+01 1.2499350010204975e+02 1.3699986235133898e+02 -2.7188123558328856e+00 1.2006385103390842e+01 1.2499348097257219e+02 1.3699986607695627e+02 -2.7188123336903933e+00 1.2006385103389627e+01 1.2499348097257773e+02 1.3699986607695195e+02 -2.7188123286386290e+00 1.2006403034139222e+01 1.2499346596472441e+02 1.3699986899985134e+02 -2.7188123123553884e+00 1.2006403034137344e+01 1.2499346596472390e+02 1.3699986899985370e+02 -2.7188123073035766e+00 1.2006416912987662e+01 1.2499345434827232e+02 1.3699987126224696e+02 -2.7188122958415470e+00 1.2006416912985706e+01 1.2499345434827373e+02 1.3699987126224693e+02 -2.7188122907897538e+00 1.2006427554903203e+01 1.2499344544109758e+02 1.3699987299699086e+02 -2.7188122831791781e+00 1.2006427554901586e+01 1.2499344544110207e+02 1.3699987299698765e+02 -2.7188122781274102e+00 1.2006435660384691e+01 1.2499343865688886e+02 1.3699987431827287e+02 -2.7188122735347808e+00 1.2006435660383035e+01 1.2499343865689221e+02 1.3699987431827094e+02 -2.7188122684830032e+00 1.2006441804262488e+01 1.2499343351455698e+02 1.3699987531975731e+02 -2.7188122662246723e+00 1.2006441804260312e+01 1.2499343351455839e+02 1.3699987531975700e+02 -2.7188122611728835e+00 1.2006446444917339e+01 1.2499342963019829e+02 1.3699987607641563e+02 -2.7188122607016170e+00 1.2006446444915115e+01 1.2499342963020089e+02 1.3699987607641415e+02 -2.7188122556498358e+00 1.2006449941291322e+01 1.2499342670527706e+02 1.3699987664480938e+02 -2.7188122565527557e+00 1.2006449941288901e+01 1.2499342670527930e+02 1.3699987664480852e+02 -2.7188122515009696e+00 1.2006452567507894e+01 1.2499342447535420e+02 1.3699987710563823e+02 -2.7188122531890397e+00 1.2006452567506111e+01 1.2499342447535712e+02 1.3699987710563644e+02 -2.7188122481372603e+00 1.2006454485819608e+01 1.2499342224142849e+02 1.3699987806487374e+02 -2.7188122461873152e+00 1.2006454485817594e+01 1.2499342224143010e+02 1.3699987806487349e+02 -2.7188122411355247e+00 1.2006455648289405e+01 1.2499341768708022e+02 1.3699988193955122e+02 -2.7188122179049747e+00 1.2006455648287575e+01 1.2499341768708199e+02 1.3699988193955079e+02 -2.7188122128531842e+00 1.2006455760079444e+01 1.2499340636619479e+02 1.3699989351052980e+02 -2.7188121334452084e+00 1.2006455760077650e+01 1.2499340636619584e+02 1.3699989351052972e+02 -2.7188121283934152e+00 1.2006454466094242e+01 1.2499338354265335e+02 1.3699991789915788e+02 -2.7188119554259034e+00 1.2006454466092270e+01 1.2499338354265349e+02 1.3699991789915893e+02 -2.7188119503741017e+00 1.2006451639978481e+01 1.2499334711822831e+02 1.3699995735272523e+02 -2.7188116674435290e+00 1.2006451639976477e+01 1.2499334711822885e+02 1.3699995735272580e+02 -2.7188116623917309e+00 1.2006446058262066e+01 1.2499328246236347e+02 1.3700002778020479e+02 -2.7188111533743080e+00 1.2006446058260146e+01 1.2499328246236509e+02 1.3700002778020482e+02 -2.7188111483225135e+00 1.2006435054359343e+01 1.2499316135214104e+02 1.3700016008471957e+02 -2.7188101876485851e+00 1.2006435054356938e+01 1.2499316135214306e+02 1.3700016008471874e+02 -2.7188101825967972e+00 1.2006413836800192e+01 1.2499293390590772e+02 1.3700040894015200e+02 -2.7188083711893474e+00 1.2006413836797714e+01 1.2499293390591058e+02 1.3700040894015032e+02 -2.7188083661375653e+00 1.2006373390204621e+01 1.2499250626893588e+02 1.3700087721930288e+02 -2.7188049531094016e+00 1.2006373390202253e+01 1.2499250626894036e+02 1.3700087721929953e+02 -2.7188049480576315e+00 1.2006296747227877e+01 1.2499170180249008e+02 1.3700175853779294e+02 -2.7187985201896079e+00 1.2006296747225745e+01 1.2499170180249681e+02 1.3700175853778694e+02 -2.7187985151378569e+00 1.2006151972468091e+01 1.2499018804272055e+02 1.3700341732867204e+02 -2.7187864124557142e+00 1.2006151972466492e+01 1.2499018804273163e+02 1.3700341732866121e+02 -2.7187864074039991e+00 1.2005878957956947e+01 1.2498733923499755e+02 1.3700653957428463e+02 -2.7187636231699388e+00 1.2005878957956273e+01 1.2498733923501671e+02 1.3700653957426451e+02 -2.7187636181182913e+00 1.2005364573411901e+01 1.2498197763540088e+02 1.3701241657308009e+02 -2.7187207283362600e+00 1.2005364573412484e+01 1.2498197763543588e+02 1.3701241657304269e+02 -2.7187207232847390e+00 1.2004395908303852e+01 1.2497188673689648e+02 1.3702347924569258e+02 -2.7186399894790032e+00 1.2004395908307844e+01 1.2497188673696118e+02 1.3702347924562264e+02 -2.7186399844277189e+00 1.2002572317124569e+01 1.2495289561591490e+02 1.3704430448646499e+02 -2.7184880180197899e+00 1.2002572317133607e+01 1.2495289561603597e+02 1.3704430448633315e+02 -2.7184880129689577e+00 1.0003619456564807e+02 4.0021068210676347e+00 1.0396151360081603e+02 -3.7049522756222447e-04 1.0003619456553783e+02 4.0021068210630624e+00 1.0396151360093081e+02 -3.7049830143875832e-04 1.0002057892094774e+02 4.0014816685608059e+00 1.0397774513484060e+02 -2.1437719658883462e-04 1.0002057892088419e+02 4.0014816685581076e+00 1.0397774513490684e+02 -2.1438027093209365e-04 1.0001156820609449e+02 4.0011207572270351e+00 1.0398711380203453e+02 -1.2427863686776262e-04 1.0001156820605793e+02 4.0011207572254186e+00 1.0398711380207277e+02 -1.2428171148033340e-04 1.0000636855534316e+02 4.0009123140032914e+00 1.0399252103657260e+02 -7.2280906120050540e-05 1.0000636855532213e+02 4.0009123140022957e+00 1.0399252103659472e+02 -7.2283980888000136e-05 1.0000336807974267e+02 4.0007918527031725e+00 1.0399564181318482e+02 -4.2271730808039216e-05 1.0000336807973062e+02 4.0007918527025357e+00 1.0399564181319758e+02 -4.2274805665734826e-05 1.0000163669629536e+02 4.0007221638776524e+00 1.0399744295789310e+02 -2.4952455709971946e-05 1.0000163669628844e+02 4.0007221638772172e+00 1.0399744295790050e+02 -2.4955530619527711e-05 1.0000063769133038e+02 4.0006817754449324e+00 1.0399848250110075e+02 -1.4956651895498918e-05 1.0000063769132647e+02 4.0006817754446340e+00 1.0399848250110502e+02 -1.4959726834998640e-05 1.0000006133171979e+02 4.0006582960408794e+00 1.0399908251555848e+02 -9.1872142789839815e-06 1.0000006133171756e+02 4.0006582960406449e+00 1.0399908251556091e+02 -9.1902892356475973e-06 9.9999728862132827e+01 4.0006445742758698e+00 1.0399942889075338e+02 -5.8566593861858111e-06 9.9999728862131647e+01 4.0006445742756842e+00 1.0399942889075483e+02 -5.8597343528494318e-06 9.9999537105605356e+01 4.0006364823924301e+00 1.0399962892566751e+02 -3.9332376555080095e-06 9.9999537105604745e+01 4.0006364823922684e+00 1.0399962892566836e+02 -3.9363126279806508e-06 9.9999426489329409e+01 4.0006316370861477e+00 1.0399974457450172e+02 -2.8212258578001233e-06 9.9999426489329124e+01 4.0006316370859984e+00 1.0399974457450220e+02 -2.8243008337175027e-06 9.9999357513209333e+01 4.0006284113942074e+00 1.0399981698454371e+02 -2.1249734591005749e-06 9.9999357513209247e+01 4.0006284113940609e+00 1.0399981698454394e+02 -2.1280484373471006e-06 9.9999312172107111e+01 4.0006259764283447e+00 1.0399986503814277e+02 -1.6629181260197008e-06 9.9999312172107167e+01 4.0006259764282124e+00 1.0399986503814287e+02 -1.6659931056864720e-06 9.9999289141984150e+01 4.0006242281654609e+00 1.0399989018608926e+02 -1.4211094576909844e-06 9.9999289141984264e+01 4.0006242281653339e+00 1.0399989018608930e+02 -1.4241844380649348e-06 9.9999281501752137e+01 4.0006228221140541e+00 1.0399989972410157e+02 -1.3293958281133309e-06 9.9999281501752222e+01 4.0006228221139271e+00 1.0399989972410165e+02 -1.3324708084979240e-06 9.9999281200914041e+01 4.0006213469023759e+00 1.0399990215387076e+02 -1.3060296513941168e-06 9.9999281200914169e+01 4.0006213469022489e+00 1.0399990215387079e+02 -1.3091046321837551e-06 9.9999283295428526e+01 4.0006194871602787e+00 1.0399990278720740e+02 -1.2999350291886659e-06 9.9999283295428583e+01 4.0006194871601455e+00 1.0399990278720745e+02 -1.3030100095703647e-06 9.9999286330146745e+01 4.0006170305343893e+00 1.0399990336022957e+02 -1.2944172255870918e-06 9.9999286330146830e+01 4.0006170305342597e+00 1.0399990336022955e+02 -1.2974922063569632e-06 9.9999290344459553e+01 4.0006137776949293e+00 1.0399990412216992e+02 -1.2870775625918249e-06 9.9999290344459723e+01 4.0006137776947970e+00 1.0399990412216984e+02 -1.2901525440625828e-06 9.9999295646551730e+01 4.0006094811142834e+00 1.0399990512761339e+02 -1.2773873558209338e-06 9.9999295646551872e+01 4.0006094811141528e+00 1.0399990512761335e+02 -1.2804623370999797e-06 9.9999302626721473e+01 4.0006038237276167e+00 1.0399990645040873e+02 -1.2646298664128983e-06 9.9999302626721573e+01 4.0006038237274817e+00 1.0399990645040872e+02 -1.2677048477761817e-06 9.9999311777887073e+01 4.0005964051257648e+00 1.0399990818297009e+02 -1.2479049317423053e-06 9.9999311777887286e+01 4.0005964051256342e+00 1.0399990818296993e+02 -1.2509799149853424e-06 9.9999323710498842e+01 4.0005867287600392e+00 1.0399991043921649e+02 -1.2260971067152415e-06 9.9999323710498842e+01 4.0005867287599033e+00 1.0399991043921658e+02 -1.2291720882499624e-06 9.9999339161935509e+01 4.0005741937333319e+00 1.0399991335562645e+02 -1.1978593749846203e-06 9.9999339161935623e+01 4.0005741937331996e+00 1.0399991335562633e+02 -1.2009343588383681e-06 9.9999358993010475e+01 4.0005580965124850e+00 1.0399991708948045e+02 -1.1616196189807676e-06 9.9999358993010389e+01 4.0005580965123464e+00 1.0399991708948052e+02 -1.1646946022086587e-06 9.9999384162124201e+01 4.0005376500061782e+00 1.0399992181208827e+02 -1.1156282506364785e-06 9.9999384162124358e+01 4.0005376500060530e+00 1.0399992181208802e+02 -1.1187032383107189e-06 9.9999415665522250e+01 4.0005120288727074e+00 1.0399992769435282e+02 -1.0580680301386336e-06 9.9999415665522307e+01 4.0005120288725831e+00 1.0399992769435262e+02 -1.0611430188025530e-06 9.9999454432347292e+01 4.0004804494892037e+00 1.0399993488179463e+02 -9.8724686915344417e-07 9.9999454432347306e+01 4.0004804494890776e+00 1.0399993488179447e+02 -9.9032185928012339e-07 9.9999501166832331e+01 4.0004422897021241e+00 1.0399994345649289e+02 -9.0188788516517258e-07 9.9999501166832260e+01 4.0004422897019927e+00 1.0399994345649280e+02 -9.0496287683176372e-07 9.9999556136633473e+01 4.0003972477009242e+00 1.0399995338429342e+02 -8.0151877250856672e-07 9.9999556136633387e+01 4.0003972477007963e+00 1.0399995338429331e+02 -8.0459376720085082e-07 9.9999618912791647e+01 4.0003455340678657e+00 1.0399996444681973e+02 -6.8695078873336329e-07 9.9999618912791618e+01 4.0003455340677396e+00 1.0399996444681952e+02 -6.9002578799503386e-07 9.9999688069685320e+01 4.0002880903725897e+00 1.0399997616001984e+02 -5.6083203412404209e-07 9.9999688069685234e+01 4.0002880903724574e+00 1.0399997616001968e+02 -5.6390703850385038e-07 9.9999760859224523e+01 4.0002268300844035e+00 1.0399998768927364e+02 -4.2824751490172520e-07 9.9999760859224381e+01 4.0002268300842792e+00 1.0399998768927340e+02 -4.3132252728901789e-07 9.9999832918349327e+01 4.0001648826079839e+00 1.0399999780092644e+02 -2.9725235693712995e-07 9.9999832918349128e+01 4.0001648826078675e+00 1.0399999780092618e+02 -3.0032737506485435e-07 9.9999898233433342e+01 4.0001067343759997e+00 1.0400000496778466e+02 -1.7891454404144461e-07 9.9999898233433200e+01 4.0001067343759207e+00 1.0400000496778441e+02 -1.8198956410707818e-07 9.9999949938940901e+01 4.0000579257631719e+00 1.0400000786468733e+02 -8.5786769441476307e-08 9.9999949938940773e+01 4.0000579257631186e+00 1.0400000786468713e+02 -8.8861792104334890e-08 9.9999982794772777e+01 4.0000236382538148e+00 1.0400000643301806e+02 -2.7260348921438531e-08 9.9999982794772393e+01 4.0000236382538086e+00 1.0400000643301772e+02 -3.0335372516017050e-08 9.9999997088062301e+01 4.0000057733883896e+00 1.0400000286144828e+02 -2.3860075296918257e-09 9.9999997088062131e+01 4.0000057733883709e+00 1.0400000286144808e+02 -5.4610621824999064e-09 1.0000000004094915e+02 4.0000003735960075e+00 1.0400000041454507e+02 2.4129575783232882e-09 1.0000000004094917e+02 4.0000003735960243e+00 1.0400000041454507e+02 -6.6212445581728162e-10 1.0000000001068321e+02 3.9999999492206184e+00 1.0399999995990386e+02 2.2683274266279673e-09 1.0000000001068277e+02 3.9999999492206211e+00 1.0399999995990345e+02 -8.0669815669684446e-10 9.9999999997245794e+01 4.0000000066058021e+00 1.0400000000385155e+02 2.2530115682902305e-09 9.9999999997245595e+01 4.0000000066058297e+00 1.0400000000385141e+02 -8.2203574940601781e-10 1.0000000000055979e+02 3.9999999990330455e+00 1.0399999999959284e+02 2.2580227568912492e-09 1.0000000000056056e+02 3.9999999990330397e+00 1.0399999999959361e+02 -8.1693999244344255e-10 9.9999999999890491e+01 4.0000000001571214e+00 1.0400000000004763e+02 2.2566917793660914e-09 9.9999999999890036e+01 4.0000000001571330e+00 1.0400000000004715e+02 -8.1799752316111081e-10 1.0000000000002140e+02 3.9999999999725069e+00 1.0399999999999392e+02 2.2565553269383398e-09 1.0000000000002153e+02 3.9999999999725220e+00 1.0399999999999406e+02 -8.1761816951790759e-10 9.9999999999995879e+01 4.0000000000050822e+00 1.0400000000000097e+02 2.2565345197836709e-09 9.9999999999995808e+01 4.0000000000050093e+00 1.0400000000000082e+02 -8.1779270132058926e-10 1.0000000000000084e+02 3.9999999999990266e+00 1.0399999999999986e+02 2.2575247332205728e-09 1.0000000000000081e+02 3.9999999999990572e+00 1.0399999999999989e+02 -8.1920651296402292e-10 1.0000000000000009e+02 4.0000000000002149e+00 1.0400000000000031e+02 2.2600766835185997e-09 9.9999999999999616e+01 4.0000000000001563e+00 1.0399999999999977e+02 -8.2197924458378788e-10 1.0000000000000011e+02 3.9999999999999192e+00 1.0400000000000001e+02 2.2634652891185346e-09 1.0000000000000006e+02 3.9999999999999827e+00 1.0400000000000009e+02 -8.2670787869387313e-10 1.0000000000000014e+02 4.0000000000000373e+00 1.0400000000000017e+02 2.2656224028617163e-09 9.9999999999999730e+01 4.0000000000000107e+00 1.0399999999999973e+02 -8.3538089862337246e-10 1.0000000000000001e+02 3.9999999999999583e+00 1.0399999999999999e+02 2.2714569914726524e-09 1.0000000000000000e+02 4.0000000000000195e+00 1.0400000000000001e+02 -8.4591413612243316e-10 1.0000000000000007e+02 4.0000000000000453e+00 1.0400000000000011e+02 2.2779939573799147e-09 9.9999999999999886e+01 3.9999999999999796e+00 1.0399999999999986e+02 -8.4200459519912190e-10 1.0000000000000000e+02 4.0000000000000062e+00 1.0399999999999999e+02 2.2920193199771971e-09 1.0000000000000006e+02 3.9999999999999898e+00 1.0400000000000006e+02 -8.2688815034098107e-10 9.9999999999999943e+01 3.9999999999999818e+00 1.0399999999999994e+02 2.3711466925742696e-09 9.9999999999999858e+01 4.0000000000000302e+00 1.0399999999999990e+02 -8.7943650116455422e-10 1.0000000000000044e+02 4.0000000000000000e+00 1.0400000000000041e+02 2.4623272383844834e-09 9.9999999999999915e+01 4.0000000000000018e+00 1.0399999999999993e+02 -9.2310853854316893e-10 1.0000000000000009e+02 4.0000000000000204e+00 1.0400000000000011e+02 2.4674911096044942e-09 1.0000000000000006e+02 3.9999999999999765e+00 1.0400000000000001e+02 -8.7298110669890726e-10 9.9999999999999403e+01 3.9999999999999867e+00 1.0399999999999936e+02 2.4436790687178065e-09 1.0000000000000057e+02 4.0000000000000275e+00 1.0400000000000061e+02 -7.9440565896048962e-10 1.0000000000000027e+02 4.0000000000000231e+00 1.0400000000000031e+02 2.3894964176567808e-09 9.9999999999999702e+01 3.9999999999999858e+00 1.0399999999999969e+02 -6.6121999651308249e-10 9.9999999999999517e+01 3.9999999999999942e+00 1.0399999999999950e+02 2.4486466689535914e-09 1.0000000000000050e+02 4.0000000000000240e+00 1.0400000000000053e+02 -6.7257230912482103e-10 1.0000000000000047e+02 3.9999999999999920e+00 1.0400000000000048e+02 2.6785928306801021e-09 9.9999999999999361e+01 3.9999999999999951e+00 1.0399999999999936e+02 -8.4891444529253611e-10 9.9999999999999417e+01 4.0000000000000187e+00 1.0399999999999939e+02 2.7785572731389383e-09 1.0000000000000064e+02 3.9999999999999631e+00 1.0400000000000064e+02 -9.3674976201950342e-10 1.0000000000000023e+02 4.0000000000000089e+00 1.0400000000000024e+02 2.9504877587909752e-09 9.9999999999999616e+01 4.0000000000000124e+00 1.0399999999999963e+02 -1.0339278876904789e-09 1.0000000000000010e+02 4.0000000000000195e+00 1.0400000000000011e+02 3.1597676114404623e-09 9.9999999999999801e+01 3.9999999999999702e+00 1.0399999999999979e+02 -1.2334432072832635e-09 1.0000000000000010e+02 3.9999999999999898e+00 1.0400000000000009e+02 3.4079080589082433e-09 9.9999999999999929e+01 4.0000000000000231e+00 1.0399999999999996e+02 -1.4964359887141593e-09 9.9999999999999915e+01 3.9999999999999654e+00 1.0399999999999991e+02 3.6039614584013894e-09 9.9999999999999872e+01 4.0000000000000089e+00 1.0399999999999987e+02 -1.7093023016980479e-09 1.0000000000000026e+02 4.0000000000000053e+00 1.0400000000000026e+02 3.7937616488501297e-09 1.0000000000000007e+02 4.0000000000000133e+00 1.0400000000000010e+02 -2.0008424435198388e-09 1.0000000000000004e+02 3.9999999999999538e+00 1.0399999999999996e+02 3.9591050116542118e-09 1.0000000000000003e+02 4.0000000000000329e+00 1.0400000000000007e+02 -2.2433955167211531e-09 1.0000000000000000e+02 4.0000000000000089e+00 1.0400000000000003e+02 4.0496167376569558e-09 9.9999999999999915e+01 4.0000000000000169e+00 1.0399999999999993e+02 -2.4611707223227744e-09 1.0000000000000013e+02 3.9999999999999933e+00 1.0400000000000010e+02 4.1989341611248991e-09 9.9999999999999915e+01 3.9999999999999885e+00 1.0399999999999990e+02 -2.6883025955704333e-09 9.9999999999999773e+01 3.9999999999999969e+00 1.0399999999999980e+02 4.4871686294612716e-09 1.0000000000000033e+02 3.9999999999999996e+00 1.0400000000000033e+02 -2.9450679955721388e-09 1.0000000000000011e+02 3.9999999999999822e+00 1.0400000000000010e+02 4.5972222332638915e-09 9.9999999999999901e+01 4.0000000000000222e+00 1.0399999999999991e+02 -2.9293666685161485e-09 9.9999999999999289e+01 3.9999999999999849e+00 1.0399999999999928e+02 4.6363321575059991e-09 1.0000000000000041e+02 4.0000000000000071e+00 1.0400000000000043e+02 -2.9027788085632742e-09 1.0000000000000023e+02 3.9999999999999973e+00 1.0400000000000024e+02 4.6094645731550900e-09 9.9999999999999815e+01 4.0000000000000009e+00 1.0399999999999980e+02 -2.8830805570953784e-09 9.9999999999999957e+01 4.0000000000000231e+00 1.0399999999999997e+02 4.5047065330038624e-09 9.9999999999999972e+01 3.9999999999999778e+00 1.0399999999999996e+02 -2.9033490169805001e-09 1.0000000000000018e+02 3.9999999999999720e+00 1.0400000000000014e+02 4.4986394805930246e-09 1.0000000000000018e+02 3.9999999999999840e+00 1.0400000000000016e+02 -2.9729559052290073e-09 9.9999999999999929e+01 3.9999999999999942e+00 1.0399999999999996e+02 4.5118055288469653e-09 9.9999999999999886e+01 3.9999999999999933e+00 1.0399999999999986e+02 -3.0636438231105631e-09 1.0000000000000051e+02 4.0000000000000187e+00 1.0400000000000051e+02 4.4802474203672270e-09 9.9999999999999787e+01 3.9999999999999636e+00 1.0399999999999979e+02 -3.0753428562566857e-09 9.9999999999999986e+01 3.9999999999999969e+00 1.0400000000000000e+02 4.5116729509593013e-09 9.9999999999999901e+01 3.9999999999999907e+00 1.0399999999999986e+02 -3.1329390755684777e-09 9.9999999999999716e+01 4.0000000000000187e+00 1.0399999999999974e+02 4.5810930153422073e-09 1.0000000000000006e+02 3.9999999999999782e+00 1.0400000000000001e+02 -3.2059996212596218e-09 9.9999999999999915e+01 4.0000000000000311e+00 1.0399999999999996e+02 4.5653443831198481e-09 1.0000000000000034e+02 3.9999999999999516e+00 1.0400000000000030e+02 -3.1188272845431555e-09 1.0000000000000023e+02 3.9999999999999969e+00 1.0400000000000018e+02 4.6657080280340747e-09 9.9999999999999702e+01 4.0000000000000391e+00 1.0399999999999976e+02 -3.1946003994573354e-09 9.9999999999999744e+01 3.9999999999999876e+00 1.0399999999999976e+02 4.8248654362788309e-09 1.0000000000000011e+02 4.0000000000000053e+00 1.0400000000000009e+02 -3.2890697648706540e-09 1.0000000000000053e+02 4.0000000000000089e+00 1.0400000000000053e+02 4.8702116117379629e-09 9.9999999999999446e+01 3.9999999999999853e+00 1.0399999999999947e+02 -3.2241391189107014e-09 9.9999999999999986e+01 4.0000000000000142e+00 1.0400000000000001e+02 4.9293479639078772e-09 9.9999999999999901e+01 3.9999999999999987e+00 1.0399999999999989e+02 -3.1935630241863045e-09 9.9999999999999616e+01 3.9999999999999996e+00 1.0399999999999960e+02 4.9832600991449104e-09 1.0000000000000048e+02 3.9999999999999951e+00 1.0400000000000048e+02 -3.1658901694868952e-09 1.0000000000000006e+02 4.0000000000000160e+00 1.0400000000000007e+02 5.1279430685399586e-09 9.9999999999999957e+01 3.9999999999999596e+00 1.0399999999999990e+02 -3.1587955244707799e-09 1.0000000000000021e+02 3.9999999999999658e+00 1.0400000000000018e+02 5.3631981859013675e-09 9.9999999999999787e+01 4.0000000000000657e+00 1.0399999999999987e+02 -3.2399810674971597e-09 1.0000000000000014e+02 3.9999999999999987e+00 1.0400000000000016e+02 5.6875865024440688e-09 1.0000000000000001e+02 3.9999999999999614e+00 1.0399999999999996e+02 -3.4157609638546004e-09 9.9999999999999758e+01 4.0000000000000071e+00 1.0399999999999977e+02 5.8219026481698037e-09 1.0000000000000007e+02 3.9999999999999996e+00 1.0400000000000010e+02 -3.5002034249364616e-09 1.0000000000000020e+02 3.9999999999999569e+00 1.0400000000000017e+02 5.8758564247194436e-09 9.9999999999999659e+01 4.0000000000000577e+00 1.0399999999999970e+02 -3.5181640967853204e-09 9.9999999999999559e+01 4.0000000000000160e+00 1.0399999999999960e+02 5.7931685234482974e-09 1.0000000000000017e+02 3.9999999999999409e+00 1.0400000000000011e+02 -3.4373363653997299e-09 1.0000000000000036e+02 3.9999999999999929e+00 1.0400000000000034e+02 5.6732713432223503e-09 9.9999999999999972e+01 4.0000000000000107e+00 1.0400000000000000e+02 -3.3291583446640254e-09 9.9999999999999815e+01 4.0000000000000471e+00 1.0399999999999987e+02 5.6361950894397360e-09 9.9999999999999872e+01 3.9999999999999765e+00 1.0399999999999983e+02 -3.2394896741459230e-09 1.0000000000000050e+02 3.9999999999999649e+00 1.0400000000000045e+02 5.4344204460418689e-09 9.9999999999999730e+01 4.0000000000000027e+00 1.0399999999999973e+02 -3.0342282961117979e-09 9.9999999999999858e+01 4.0000000000000302e+00 1.0399999999999987e+02 5.2964085021175297e-09 1.0000000000000013e+02 3.9999999999999911e+00 1.0400000000000014e+02 -2.7635477392285398e-09 1.0000000000000009e+02 4.0000000000000115e+00 1.0400000000000011e+02 5.1323300955523411e-09 9.9999999999999858e+01 3.9999999999999725e+00 1.0399999999999984e+02 -2.5204797251223519e-09 1.0000000000000016e+02 4.0000000000000160e+00 1.0400000000000018e+02 4.7661745389061618e-09 9.9999999999999716e+01 4.0000000000000240e+00 1.0399999999999970e+02 -2.1826913522980257e-09 9.9999999999999631e+01 3.9999999999999880e+00 1.0399999999999962e+02 4.4403409320124206e-09 1.0000000000000038e+02 3.9999999999999978e+00 1.0400000000000040e+02 -1.8739015017202850e-09 1.0000000000000037e+02 4.0000000000000080e+00 1.0400000000000037e+02 4.2747582627573776e-09 9.9999999999999545e+01 3.9999999999999849e+00 1.0399999999999952e+02 -1.6203593562452696e-09 9.9999999999999716e+01 3.9999999999999973e+00 1.0399999999999969e+02 3.9467723208421563e-09 1.0000000000000027e+02 3.9999999999999951e+00 1.0400000000000028e+02 -1.2687263724247590e-09 1.0000000000000000e+02 3.9999999999999969e+00 1.0400000000000001e+02 3.8177759256971122e-09 1.0000000000000020e+02 3.9999999999999853e+00 1.0400000000000016e+02 -1.1086475146661992e-09 1.0000000000000047e+02 3.9999999999999916e+00 1.0400000000000045e+02 3.7079782268684274e-09 9.9999999999999332e+01 4.0000000000000195e+00 1.0399999999999937e+02 -9.4312910926862861e-10 9.9999999999999559e+01 3.9999999999999898e+00 1.0399999999999956e+02 3.8598056259376266e-09 1.0000000000000055e+02 4.0000000000000266e+00 1.0400000000000060e+02 -1.0059627288155420e-09 1.0000000000000048e+02 3.9999999999999893e+00 1.0400000000000047e+02 3.9877779772869483e-09 9.9999999999999503e+01 3.9999999999999818e+00 1.0399999999999949e+02 -1.1139243473232485e-09 1.0000000000000006e+02 3.9999999999999889e+00 1.0400000000000006e+02 4.0711075550953450e-09 1.0000000000000003e+02 4.0000000000000044e+00 1.0400000000000003e+02 -1.2235558277332878e-09 1.0000000000000000e+02 4.0000000000000036e+00 1.0400000000000001e+02 4.0370174779000772e-09 9.9999999999999901e+01 3.9999999999999720e+00 1.0399999999999986e+02 -1.3061100565990101e-09 1.0000000000000023e+02 3.9999999999999964e+00 1.0400000000000021e+02 4.0229206157868464e-09 9.9999999999999702e+01 4.0000000000000027e+00 1.0399999999999972e+02 -1.4205128541616625e-09 9.9999999999999545e+01 4.0000000000000107e+00 1.0399999999999957e+02 3.9188831402954891e-09 1.0000000000000024e+02 4.0000000000000053e+00 1.0400000000000020e+02 -1.4939427289882691e-09 1.0000000000000024e+02 3.9999999999999822e+00 1.0400000000000020e+02 3.6981936706469272e-09 9.9999999999999758e+01 4.0000000000000169e+00 1.0399999999999979e+02 -1.3880182099325257e-09 9.9999999999999616e+01 4.0000000000000204e+00 1.0399999999999966e+02 3.5730744051114105e-09 1.0000000000000027e+02 3.9999999999999907e+00 1.0400000000000026e+02 -1.3688281212993163e-09 1.0000000000000037e+02 3.9999999999999916e+00 1.0400000000000034e+02 3.3252033673070295e-09 9.9999999999999815e+01 3.9999999999999947e+00 1.0399999999999982e+02 -1.2738204644203986e-09 9.9999999999999659e+01 4.0000000000000053e+00 1.0399999999999964e+02 3.1650118338143826e-09 1.0000000000000018e+02 3.9999999999999631e+00 1.0400000000000016e+02 -1.1769561037695187e-09 1.0000000000000037e+02 3.9999999999999827e+00 1.0400000000000036e+02 3.1249383442287469e-09 9.9999999999999702e+01 4.0000000000000115e+00 1.0399999999999972e+02 -1.2192219595889916e-09 1.0000000000000027e+02 3.9999999999999778e+00 1.0400000000000023e+02 3.0995839879154093e-09 9.9999999999999631e+01 4.0000000000000240e+00 1.0399999999999966e+02 -1.3096185620955757e-09 9.9999999999999261e+01 4.0000000000000169e+00 1.0399999999999928e+02 3.0947662080195703e-09 1.0000000000000043e+02 3.9999999999999867e+00 1.0400000000000041e+02 -1.5031247728400643e-09 1.0000000000000003e+02 4.0000000000000000e+00 1.0400000000000001e+02 3.1540320029756027e-09 1.0000000000000003e+02 3.9999999999999880e+00 1.0400000000000003e+02 -1.8219641413994010e-09 9.9999999999999829e+01 3.9999999999999734e+00 1.0399999999999980e+02 3.3402583199921564e-09 1.0000000000000026e+02 4.0000000000000346e+00 1.0400000000000028e+02 -2.2787983705398007e-09 1.0000000000000033e+02 4.0000000000000053e+00 1.0400000000000036e+02 3.5418571351916658e-09 9.9999999999999559e+01 3.9999999999999618e+00 1.0399999999999950e+02 -2.7877495498938010e-09 9.9999999999999758e+01 3.9999999999999947e+00 1.0399999999999976e+02 3.6302781020182961e-09 9.9999999999999744e+01 4.0000000000000329e+00 1.0399999999999976e+02 -3.2215385249632198e-09 1.0000000000000007e+02 4.0000000000000320e+00 1.0400000000000010e+02 3.6579150640622820e-09 1.0000000000000033e+02 3.9999999999999787e+00 1.0400000000000031e+02 -3.5856403189482033e-09 9.9999999999999659e+01 3.9999999999999871e+00 1.0399999999999964e+02 3.6215459160498327e-09 9.9999999999999886e+01 4.0000000000000089e+00 1.0399999999999991e+02 -3.9091596238004099e-09 1.0000000000000004e+02 4.0000000000000124e+00 1.0400000000000001e+02 3.5889767322387935e-09 1.0000000000000016e+02 3.9999999999999876e+00 1.0400000000000014e+02 -4.2541496474125047e-09 1.0000000000000026e+02 4.0000000000000098e+00 1.0400000000000028e+02 3.5966693854231068e-09 9.9999999999999474e+01 4.0000000000000098e+00 1.0399999999999949e+02 -4.4537803902699795e-09 1.0000000000000009e+02 3.9999999999999596e+00 1.0400000000000001e+02 3.3563535005172193e-09 9.9999999999999886e+01 4.0000000000000018e+00 1.0399999999999991e+02 -4.3769540238514720e-09 9.9999999999999773e+01 4.0000000000000107e+00 1.0399999999999982e+02 3.1764294889616277e-09 1.0000000000000011e+02 4.0000000000000107e+00 1.0400000000000009e+02 -4.3275371765393642e-09 1.0000000000000001e+02 4.0000000000000089e+00 1.0400000000000000e+02 3.0143313036980051e-09 9.9999999999999957e+01 3.9999999999999942e+00 1.0399999999999999e+02 -4.1952660165392167e-09 1.0000000000000010e+02 3.9999999999999418e+00 1.0400000000000004e+02 2.8057664943788603e-09 9.9999999999999929e+01 4.0000000000000551e+00 1.0399999999999997e+02 -4.0210913472466320e-09 9.9999999999999915e+01 4.0000000000000835e+00 1.0400000000000003e+02 2.5403953731510572e-09 1.0000000000000000e+02 3.9999999999999476e+00 1.0399999999999993e+02 -3.8255304276434015e-09 1.0000000000000038e+02 3.9999999999999329e+00 1.0400000000000030e+02 2.2968417810945731e-09 9.9999999999999858e+01 4.0000000000000195e+00 1.0399999999999987e+02 -3.6089350494548038e-09 9.9999999999999744e+01 3.9999999999999991e+00 1.0399999999999973e+02 2.1759709266646366e-09 1.0000000000000037e+02 4.0000000000000151e+00 1.0400000000000037e+02 -3.4805215732181710e-09 9.9999999999999730e+01 3.9999999999999853e+00 1.0399999999999974e+02 2.0174018029646954e-09 9.9999999999999943e+01 3.9999999999999947e+00 1.0399999999999994e+02 -3.3010732303906267e-09 9.9999999999999673e+01 4.0000000000000444e+00 1.0399999999999969e+02 1.7814411660036870e-09 1.0000000000000033e+02 3.9999999999999756e+00 1.0400000000000031e+02 -3.0849380585211921e-09 1.0000000000000014e+02 4.0000000000000195e+00 1.0400000000000016e+02 1.5851016591325164e-09 9.9999999999999588e+01 3.9999999999999925e+00 1.0399999999999959e+02 -2.9260602712143316e-09 9.9999999999999886e+01 3.9999999999999800e+00 1.0399999999999986e+02 1.5406758722679490e-09 1.0000000000000017e+02 3.9999999999999920e+00 1.0400000000000017e+02 -2.8156319766181869e-09 9.9999999999999972e+01 3.9999999999999920e+00 1.0399999999999997e+02 1.4831546874194486e-09 9.9999999999999957e+01 4.0000000000000338e+00 1.0399999999999999e+02 -2.6993077962188883e-09 9.9999999999999858e+01 4.0000000000000577e+00 1.0399999999999993e+02 1.3339507625770609e-09 1.0000000000000009e+02 3.9999999999999307e+00 1.0400000000000003e+02 -2.4475844196114644e-09 9.9999999999999886e+01 3.9999999999999689e+00 1.0399999999999986e+02 1.0346707978698064e-09 9.9999999999999829e+01 4.0000000000000329e+00 1.0399999999999983e+02 -1.9876002269914594e-09 1.0000000000000013e+02 4.0000000000000231e+00 1.0400000000000013e+02 8.7074495662179666e-10 1.0000000000000007e+02 3.9999999999999618e+00 1.0400000000000007e+02 -1.6640539095814678e-09 9.9999999999999929e+01 4.0000000000000089e+00 1.0399999999999993e+02 7.7505852387137880e-10 9.9999999999999972e+01 4.0000000000000018e+00 1.0399999999999997e+02 -1.4174628000581010e-09 1.0000000000000014e+02 3.9999999999999836e+00 1.0400000000000013e+02 7.4791622211318854e-10 9.9999999999999716e+01 4.0000000000000204e+00 1.0399999999999974e+02 -1.2089747664137561e-09 9.9999999999999829e+01 3.9999999999999907e+00 1.0399999999999980e+02 6.1089889475504780e-10 1.0000000000000020e+02 3.9999999999999991e+00 1.0400000000000021e+02 -9.1659101867912246e-10 1.0000000000000001e+02 3.9999999999999813e+00 1.0400000000000003e+02 4.2911243418513628e-10 9.9999999999999602e+01 4.0000000000000160e+00 1.0399999999999960e+02 -5.8447315860821461e-10 9.9999999999999872e+01 4.0000000000000071e+00 1.0399999999999986e+02 3.0853988052381237e-10 1.0000000000000045e+02 3.9999999999999938e+00 1.0400000000000047e+02 -3.9391538680070006e-10 1.0000000000000023e+02 3.9999999999999729e+00 1.0400000000000018e+02 2.8980878540833039e-10 9.9999999999999545e+01 3.9999999999999933e+00 1.0399999999999955e+02 -2.3989674614835690e-10 9.9999999999999403e+01 4.0000000000000169e+00 1.0399999999999946e+02 2.9271573185713101e-10 1.0000000000000081e+02 3.9999999999999809e+00 1.0400000000000077e+02 -1.6962123740283550e-10 1.0000000000000033e+02 4.0000000000000222e+00 1.0400000000000036e+02 3.2840441764555308e-10 9.9999999999999375e+01 3.9999999999999711e+00 1.0399999999999939e+02 -1.4051947099340852e-10 1.0000000000000004e+02 4.0000000000000258e+00 1.0400000000000009e+02 2.9101894358140143e-10 1.0000000000000030e+02 3.9999999999999813e+00 1.0400000000000026e+02 -1.2742032829129506e-10 9.9999999999999602e+01 3.9999999999999645e+00 1.0399999999999956e+02 2.4141113350546619e-10 1.0000000000000016e+02 4.0000000000000195e+00 1.0400000000000018e+02 -8.9294193086779201e-11 1.0000000000000043e+02 4.0000000000000187e+00 1.0400000000000045e+02 1.5024305492628896e-10 9.9999999999999744e+01 4.0000000000000089e+00 1.0399999999999976e+02 1.1189008935966222e-11 9.9999999999999488e+01 4.0000000000000178e+00 1.0399999999999952e+02 1.2239336399991550e-10 1.0000000000000038e+02 3.9999999999999654e+00 1.0400000000000034e+02 -3.4983761678514916e-11 1.0000000000000000e+02 4.0000000000000000e+00 1.0400000000000000e+02 0.0000000000000000e+00 1.0000000000000000e+02 4.0000000000000000e+00 1.0400000000000000e+02 0.0000000000000000e+00 
