#elements 90
timestep 100
time 1.0000000000000000e+03
dt 1.0000000000000000e+01
mpi_rank 0
mpi_size 1
#vectors 5
x 2
0.0000000000000000e+00 1.0000000000000000e+05 
y 91
0.0000000000000000e+00 1.0000000000000000e+02 2.0000000000000000e+02 2.7478490459257273e+02 3.3071272414177474e+02 3.7253829063235173e+02 4.0381750062763280e+02 4.2720962797991422e+02 4.4470340810249098e+02 4.5778611487679444e+02 4.6757000465608331e+02 4.7488687729296697e+02 4.8035879351362047e+02 4.8445096083862171e+02 4.8751128426839233e+02 4.8979994422557041e+02 4.9151151639099447e+02 4.9279151400193990e+02 4.9374875899407266e+02 4.9446463374815630e+02 4.9500000000000000e+02 4.9550000000000000e+02 4.9600000000000000e+02 4.9650000000000000e+02 4.9700000000000000e+02 4.9750000000000000e+02 4.9800000000000000e+02 4.9850000000000000e+02 4.9900000000000000e+02 4.9950000000000000e+02 5.0000000000000000e+02 5.0500000000000000e+02 5.0550000000000000e+02 5.0600000000000000e+02 5.0650000000000000e+02 5.0700000000000000e+02 5.0750000000000000e+02 5.0800000000000000e+02 5.0850000000000000e+02 5.0900000000000000e+02 5.0950000000000000e+02 5.1000000000000000e+02 5.1055569274886233e+02 5.1129693081173110e+02 5.1228566760372689e+02 5.1360454273011021e+02 5.1536378908674828e+02 5.1771044623527712e+02 5.2084065011602581e+02 5.2501602628514229e+02 5.3058555683899749e+02 5.3801474868517550e+02 5.4792454107317383e+02 5.6114320431495707e+02 5.7877556744208880e+02 6.0229536091593275e+02 6.3366839248656026e+02 6.7551685136126002e+02 7.3133847338860210e+02 8.0579888530229630e+02 9.0512156244774599e+02 1.0376079930462442e+03 1.2143315248437841e+03 1.4500628865380445e+03 1.7645047399856778e+03 2.1839384482922560e+03 2.7434206983010199e+03 3.4897135733745499e+03 4.4851929748690418e+03 5.8130620620584286e+03 7.5843054550066572e+03 9.9469654395863690e+03 1.3098515489092955e+04 1.7302365293707055e+04 2.2909876804597010e+04 3.0389731415542090e+04 4.0367102820348533e+04 5.3675909652473754e+04 7.1428515234490682e+04 9.5108700011831330e+04 1.2669567739936628e+05 1.6882951840872233e+05 2.2503181141135254e+05 3.0000000000000006e+05 4.0000000000000000e+05 5.0000000000000000e+05 6.0000000000000000e+05 7.0000000000000000e+05 8.0000000000000000e+05 9.0000000000000000e+05 1.0000000000000000e+06 
channelStates 5
1.3000000000000000e-01 8.7000000000000000e-01 5.2932485257249577e-02 5.9612075350846028e-01 3.1767691406069742e-01 
uold 728
1.2006164839750260e+01 1.2499366533093836e+02 1.3699983017167725e+02 -2.7188125960229499e+00 1.2006164839749248e+01 1.2499366533093827e+02 1.3699983017167543e+02 -2.7188125960709915e+00 1.2006180511700775e+01 1.2499365221367970e+02 1.3699983272637175e+02 -2.7188125773755627e+00 1.2006180511699728e+01 1.2499365221368136e+02 1.3699983272636797e+02 -2.7188125774236167e+00 1.2006217079575690e+01 1.2499362160675699e+02 1.3699983868731621e+02 -2.7188125338650515e+00 1.2006217079573927e+01 1.2499362160675314e+02 1.3699983868731843e+02 -2.7188125339130620e+00 1.2006259159191323e+01 1.2499358638655572e+02 1.3699984554673932e+02 -2.7188124837962944e+00 1.2006259159190291e+01 1.2499358638655892e+02 1.3699984554673389e+02 -2.7188124838443648e+00 1.2006299076154210e+01 1.2499355297647641e+02 1.3699985205362037e+02 -2.7188124363008286e+00 1.2006299076152954e+01 1.2499355297647703e+02 1.3699985205361787e+02 -2.7188124363488777e+00 1.2006333689822183e+01 1.2499352400519655e+02 1.3699985769600994e+02 -2.7188123951155112e+00 1.2006333689820847e+01 1.2499352400519800e+02 1.3699985769600630e+02 -2.7188123951635670e+00 1.2006362248297560e+01 1.2499350010205220e+02 1.3699986235133588e+02 -2.7188123611350310e+00 1.2006362248295925e+01 1.2499350010204935e+02 1.3699986235133716e+02 -2.7188123611830504e+00 1.2006385103391027e+01 1.2499348097257366e+02 1.3699986607695595e+02 -2.7188123339407215e+00 1.2006385103389823e+01 1.2499348097257587e+02 1.3699986607695180e+02 -2.7188123339887804e+00 1.2006403034139268e+01 1.2499346596472500e+02 1.3699986899985205e+02 -2.7188123126057091e+00 1.2006403034137824e+01 1.2499346596472387e+02 1.3699986899985160e+02 -2.7188123126537413e+00 1.2006416912987655e+01 1.2499345434827319e+02 1.3699987126224744e+02 -2.7188122960918699e+00 1.2006416912986259e+01 1.2499345434827197e+02 1.3699987126224710e+02 -2.7188122961399004e+00 1.2006427554903322e+01 1.2499344544109988e+02 1.3699987299698989e+02 -2.7188122834295125e+00 1.2006427554901746e+01 1.2499344544109753e+02 1.3699987299699063e+02 -2.7188122834775346e+00 1.2006435660384879e+01 1.2499343865689141e+02 1.3699987431827162e+02 -2.7188122737851170e+00 1.2006435660383492e+01 1.2499343865688886e+02 1.3699987431827259e+02 -2.7188122738331373e+00 1.2006441804262316e+01 1.2499343351455627e+02 1.3699987531975944e+02 -2.7188122664749836e+00 1.2006441804260824e+01 1.2499343351455677e+02 1.3699987531975734e+02 -2.7188122665230270e+00 1.2006446444917385e+01 1.2499342963019977e+02 1.3699987607641552e+02 -2.7188122609519438e+00 1.2006446444915966e+01 1.2499342963020045e+02 1.3699987607641302e+02 -2.7188122609999903e+00 1.2006449941291438e+01 1.2499342670527996e+02 1.3699987664480793e+02 -2.7188122568030924e+00 1.2006449941289683e+01 1.2499342670527693e+02 1.3699987664480926e+02 -2.7188122568511108e+00 1.2006452567508248e+01 1.2499342447535558e+02 1.3699987710563826e+02 -2.7188122534393657e+00 1.2006452567506944e+01 1.2499342447535520e+02 1.3699987710563690e+02 -2.7188122534874037e+00 1.2006454485820113e+01 1.2499342224142970e+02 1.3699987806487431e+02 -2.7188122464376372e+00 1.2006454485818423e+01 1.2499342224142895e+02 1.3699987806487334e+02 -2.7188122464856721e+00 1.2006455648290078e+01 1.2499341768708112e+02 1.3699988193955221e+02 -2.7188122181552932e+00 1.2006455648288402e+01 1.2499341768708052e+02 1.3699988193955082e+02 -2.7188122182033307e+00 1.2006455760079909e+01 1.2499340636619489e+02 1.3699989351053151e+02 -2.7188121336955215e+00 1.2006455760078660e+01 1.2499340636619492e+02 1.3699989351052926e+02 -2.7188121337435653e+00 1.2006454466094604e+01 1.2499338354265335e+02 1.3699991789915978e+02 -2.7188119556762151e+00 1.2006454466093427e+01 1.2499338354265318e+02 1.3699991789915796e+02 -2.7188119557242554e+00 1.2006451639978836e+01 1.2499334711822809e+02 1.3699995735272728e+02 -2.7188116676938403e+00 1.2006451639977620e+01 1.2499334711822856e+02 1.3699995735272495e+02 -2.7188116677418837e+00 1.2006446058262306e+01 1.2499328246236351e+02 1.3700002778020678e+02 -2.7188111536246193e+00 1.2006446058261277e+01 1.2499328246236418e+02 1.3700002778020445e+02 -2.7188111536726627e+00 1.2006435054359317e+01 1.2499316135214133e+02 1.3700016008472122e+02 -2.7188101878988991e+00 1.2006435054358187e+01 1.2499316135214160e+02 1.3700016008471920e+02 -2.7188101879469397e+00 1.2006413836800389e+01 1.2499293390590843e+02 1.3700040894015305e+02 -2.7188083714396658e+00 1.2006413836799084e+01 1.2499293390590866e+02 1.3700040894015135e+02 -2.7188083714877047e+00 1.2006373390204807e+01 1.2499250626893740e+02 1.3700087721930336e+02 -2.7188049533597241e+00 1.2006373390203644e+01 1.2499250626893736e+02 1.3700087721930174e+02 -2.7188049534077621e+00 1.2006296747228127e+01 1.2499170180249209e+02 1.3700175853779277e+02 -2.7187985204399352e+00 1.2006296747226926e+01 1.2499170180249148e+02 1.3700175853779149e+02 -2.7187985204879705e+00 1.2006151972468489e+01 1.2499018804272310e+02 1.3700341732867105e+02 -2.7187864127060482e+00 1.2006151972467405e+01 1.2499018804272275e+02 1.3700341732866980e+02 -2.7187864127540826e+00 1.2005878957957302e+01 1.2498733923500170e+02 1.3700653957428179e+02 -2.7187636234202857e+00 1.2005878957956446e+01 1.2498733923500099e+02 1.3700653957428094e+02 -2.7187636234683179e+00 1.2005364573412526e+01 1.2498197763540858e+02 1.3701241657307349e+02 -2.7187207285866344e+00 1.2005364573411507e+01 1.2498197763540686e+02 1.3701241657307361e+02 -2.7187207286346591e+00 1.2004395908305272e+01 1.2497188673691025e+02 1.3702347924567931e+02 -2.7186399897294260e+00 1.2004395908304287e+01 1.2497188673690829e+02 1.3702347924567988e+02 -2.7186399897774476e+00 1.2002572317126781e+01 1.2495289561593981e+02 1.3704430448643924e+02 -2.7184880182703042e+00 1.2002572317125965e+01 1.2495289561593742e+02 1.3704430448644044e+02 -2.7184880183183209e+00 1.0003619456562588e+02 4.0021068210668949e+00 1.0396151360083928e+02 -3.7049711308039570e-04 1.0003619456562639e+02 4.0021068210670032e+00 1.0396151360083861e+02 -3.7049711580225864e-04 1.0002057892093492e+02 4.0014816685604426e+00 1.0397774513485408e+02 -2.1437908220091689e-04 1.0002057892093521e+02 4.0014816685605474e+00 1.0397774513485369e+02 -2.1437908492031850e-04 1.0001156820608713e+02 4.0011207572268912e+00 1.0398711380204234e+02 -1.2428052253407742e-04 1.0001156820608725e+02 4.0011207572269853e+00 1.0398711380204213e+02 -1.2428052525195773e-04 1.0000636855533891e+02 4.0009123140032710e+00 1.0399252103657719e+02 -7.2282791817615771e-05 1.0000636855533891e+02 4.0009123140033616e+00 1.0399252103657709e+02 -7.2282794534489860e-05 1.0000336807974020e+02 4.0007918527032222e+00 1.0399564181318750e+02 -4.2273616523640252e-05 1.0000336807974020e+02 4.0007918527033066e+00 1.0399564181318745e+02 -4.2273619239998078e-05 1.0000163669629394e+02 4.0007221638777422e+00 1.0399744295789472e+02 -2.4954341436022700e-05 1.0000163669629386e+02 4.0007221638778212e+00 1.0399744295789471e+02 -2.4954344152046994e-05 1.0000063769132956e+02 4.0006817754450505e+00 1.0399848250110172e+02 -1.4958537627636200e-05 1.0000063769132950e+02 4.0006817754451323e+00 1.0399848250110173e+02 -1.4958540343353899e-05 1.0000006133171929e+02 4.0006582960410100e+00 1.0399908251555908e+02 -9.1891000146189838e-06 1.0000006133171922e+02 4.0006582960410864e+00 1.0399908251555911e+02 -9.1891027300907064e-06 9.9999728862132557e+01 4.0006445742760066e+00 1.0399942889075378e+02 -5.8585451239186761e-06 9.9999728862132471e+01 4.0006445742760945e+00 1.0399942889075383e+02 -5.8585478392389398e-06 9.9999537105605185e+01 4.0006364823925713e+00 1.0399962892566778e+02 -3.9351233945704875e-06 9.9999537105605100e+01 4.0006364823926592e+00 1.0399962892566785e+02 -3.9351261096749882e-06 9.9999426489329323e+01 4.0006316370862844e+00 1.0399974457450189e+02 -2.8231115977075247e-06 9.9999426489329224e+01 4.0006316370863795e+00 1.0399974457450199e+02 -2.8231143126243166e-06 9.9999357513209304e+01 4.0006284113943442e+00 1.0399981698454381e+02 -2.1268591995657132e-06 9.9999357513209205e+01 4.0006284113944348e+00 1.0399981698454391e+02 -2.1268619144191848e-06 9.9999312172107096e+01 4.0006259764284859e+00 1.0399986503814287e+02 -1.6648038666484816e-06 9.9999312172107025e+01 4.0006259764285712e+00 1.0399986503814294e+02 -1.6648065815923998e-06 9.9999289141984150e+01 4.0006242281656039e+00 1.0399989018608935e+02 -1.4229951983038198e-06 9.9999289141984065e+01 4.0006242281656847e+00 1.0399989018608944e+02 -1.4229979133211499e-06 9.9999281501752080e+01 4.0006228221141935e+00 1.0399989972410170e+02 -1.3312815684524680e-06 9.9999281501752037e+01 4.0006228221142734e+00 1.0399989972410175e+02 -1.3312842837573117e-06 9.9999281200913984e+01 4.0006213469025109e+00 1.0399990215387089e+02 -1.3079153914690414e-06 9.9999281200913998e+01 4.0006213469025926e+00 1.0399990215387086e+02 -1.3079181076520715e-06 9.9999283295428469e+01 4.0006194871604057e+00 1.0399990278720752e+02 -1.3018207690066672e-06 9.9999283295428469e+01 4.0006194871604883e+00 1.0399990278720753e+02 -1.3018234850513922e-06 9.9999286330146703e+01 4.0006170305345119e+00 1.0399990336022962e+02 -1.2963029655657617e-06 9.9999286330146646e+01 4.0006170305346016e+00 1.0399990336022971e+02 -1.2963056811774984e-06 9.9999290344459581e+01 4.0006137776950439e+00 1.0399990412216992e+02 -1.2889633030227323e-06 9.9999290344459524e+01 4.0006137776951345e+00 1.0399990412216999e+02 -1.2889660187062322e-06 9.9999295646551687e+01 4.0006094811143873e+00 1.0399990512761349e+02 -1.2792730953528349e-06 9.9999295646551687e+01 4.0006094811144761e+00 1.0399990512761349e+02 -1.2792758118218276e-06 9.9999302626721487e+01 4.0006038237277126e+00 1.0399990645040874e+02 -1.2665156068019055e-06 9.9999302626721416e+01 4.0006038237277943e+00 1.0399990645040882e+02 -1.2665183226070279e-06 9.9999311777887058e+01 4.0005964051258429e+00 1.0399990818297010e+02 -1.2497906721099029e-06 9.9999311777887044e+01 4.0005964051259282e+00 1.0399990818297016e+02 -1.2497933880469206e-06 9.9999323710498800e+01 4.0005867287601014e+00 1.0399991043921656e+02 -1.2279828467118117e-06 9.9999323710498828e+01 4.0005867287601795e+00 1.0399991043921661e+02 -1.2279855626527948e-06 9.9999339161935566e+01 4.0005741937333763e+00 1.0399991335562638e+02 -1.1997451159508036e-06 9.9999339161935438e+01 4.0005741937334447e+00 1.0399991335562656e+02 -1.1997478304142842e-06 9.9999358993010347e+01 4.0005580965125018e+00 1.0399991708948053e+02 -1.1635053584123142e-06 9.9999358993010389e+01 4.0005580965125702e+00 1.0399991708948062e+02 -1.1635080740647720e-06 9.9999384162124201e+01 4.0005376500061800e+00 1.0399992181208820e+02 -1.1175139916202762e-06 9.9999384162124230e+01 4.0005376500062466e+00 1.0399992181208827e+02 -1.1175167074532292e-06 9.9999415665522221e+01 4.0005120288726923e+00 1.0399992769435278e+02 -1.0599537708831013e-06 9.9999415665522292e+01 4.0005120288727527e+00 1.0399992769435278e+02 -1.0599564875609999e-06 9.9999454432347235e+01 4.0004804494891646e+00 1.0399993488179463e+02 -9.8913260941977048e-07 9.9999454432347321e+01 4.0004804494892312e+00 1.0399993488179454e+02 -9.8913532690609000e-07 9.9999501166832346e+01 4.0004422897020797e+00 1.0399994345649279e+02 -9.0377362648524026e-07 9.9999501166832289e+01 4.0004422897021330e+00 1.0399994345649293e+02 -9.0377634190591939e-07 9.9999556136633416e+01 4.0003972477008789e+00 1.0399995338429336e+02 -8.0340451347745433e-07 9.9999556136633402e+01 4.0003972477009295e+00 1.0399995338429342e+02 -8.0340722958734575e-07 9.9999618912791618e+01 4.0003455340678249e+00 1.0399996444681965e+02 -6.8883653021187135e-07 9.9999618912791618e+01 4.0003455340678702e+00 1.0399996444681962e+02 -6.8883924710017577e-07 9.9999688069685263e+01 4.0002880903725471e+00 1.0399997616001973e+02 -5.6271777684739625e-07 9.9999688069685277e+01 4.0002880903725879e+00 1.0399997616001977e+02 -5.6272049249463456e-07 9.9999760859224409e+01 4.0002268300843591e+00 1.0399998768927360e+02 -4.3013325775079387e-07 9.9999760859224438e+01 4.0002268300843919e+00 1.0399998768927354e+02 -4.3013597430815203e-07 9.9999832918349298e+01 4.0001648826079439e+00 1.0399999780092631e+02 -2.9913810218160568e-07 9.9999832918349199e+01 4.0001648826079572e+00 1.0399999780092631e+02 -2.9914081489068538e-07 9.9999898233433285e+01 4.0001067343759642e+00 1.0400000496778461e+02 -1.8080028816000674e-07 9.9999898233433214e+01 4.0001067343759944e+00 1.0400000496778461e+02 -1.8080299754019809e-07 9.9999949938940844e+01 4.0000579257631541e+00 1.0400000786468728e+02 -8.7672516314662005e-08 9.9999949938940802e+01 4.0000579257631612e+00 1.0400000786468721e+02 -8.7675220907900351e-08 9.9999982794772507e+01 4.0000236382538086e+00 1.0400000643301784e+02 -2.9146094163884152e-08 9.9999982794772592e+01 4.0000236382538290e+00 1.0400000643301796e+02 -2.9148795494711227e-08 9.9999997088062287e+01 4.0000057733883940e+00 1.0400000286144827e+02 -4.2717644369464525e-09 9.9999997088062230e+01 4.0000057733883709e+00 1.0400000286144815e+02 -4.2744788153153635e-09 1.0000000004094926e+02 4.0000003735960190e+00 1.0400000041454514e+02 5.2716735600895154e-10 1.0000000004094917e+02 4.0000003735960235e+00 1.0400000041454511e+02 5.2447906111577419e-10 1.0000000001068317e+02 3.9999999492206215e+00 1.0399999995990383e+02 3.8254317812144549e-10 1.0000000001068297e+02 3.9999999492206215e+00 1.0399999995990359e+02 3.7990384427542558e-10 9.9999999997245553e+01 4.0000000066058066e+00 1.0400000000385133e+02 3.6721837403997656e-10 9.9999999997245652e+01 4.0000000066058155e+00 1.0400000000385148e+02 3.6458550133794726e-10 1.0000000000056079e+02 3.9999999990330619e+00 1.0399999999959385e+02 3.7227808022753961e-10 1.0000000000055969e+02 3.9999999990330286e+00 1.0399999999959272e+02 3.6977970533261932e-10 9.9999999999890349e+01 4.0000000001571427e+00 1.0400000000004748e+02 3.7103226823950994e-10 9.9999999999890136e+01 4.0000000001571232e+00 1.0400000000004727e+02 3.6890015917440538e-10 1.0000000000002139e+02 3.9999999999725357e+00 1.0399999999999392e+02 3.7121322046531254e-10 1.0000000000002143e+02 3.9999999999725069e+00 1.0399999999999390e+02 3.6929536839671739e-10 9.9999999999996021e+01 4.0000000000050457e+00 1.0400000000000105e+02 3.7104510529706567e-10 9.9999999999995580e+01 4.0000000000050200e+00 1.0400000000000060e+02 3.7000855525732412e-10 1.0000000000000067e+02 3.9999999999990430e+00 1.0399999999999972e+02 3.7175981965951198e-10 1.0000000000000091e+02 3.9999999999990861e+00 1.0399999999999997e+02 3.7112648119628129e-10 9.9999999999999702e+01 4.0000000000001812e+00 1.0399999999999987e+02 3.7319028353534971e-10 9.9999999999999702e+01 4.0000000000001510e+00 1.0399999999999984e+02 3.7186332828565571e-10 1.0000000000000004e+02 3.9999999999999885e+00 1.0400000000000006e+02 3.7531386613499941e-10 1.0000000000000023e+02 3.9999999999999543e+00 1.0400000000000017e+02 3.7185545698823145e-10 1.0000000000000006e+02 4.0000000000000258e+00 1.0400000000000009e+02 3.7850226688571904e-10 9.9999999999999687e+01 4.0000000000000018e+00 1.0399999999999967e+02 3.7765100970794340e-10 1.0000000000000000e+02 3.9999999999999800e+00 1.0399999999999999e+02 3.8495686054928541e-10 1.0000000000000009e+02 4.0000000000000080e+00 1.0400000000000010e+02 3.7891079751830315e-10 1.0000000000000000e+02 4.0000000000000009e+00 1.0400000000000001e+02 3.8324913019903066e-10 1.0000000000000004e+02 3.9999999999999858e+00 1.0400000000000003e+02 3.8637788909451669e-10 1.0000000000000061e+02 4.0000000000000089e+00 1.0400000000000060e+02 3.8522829269303729e-10 9.9999999999999488e+01 3.9999999999999911e+00 1.0399999999999950e+02 3.7843166525345722e-10 9.9999999999999616e+01 3.9999999999999978e+00 1.0399999999999963e+02 4.1242032039980347e-10 1.0000000000000054e+02 3.9999999999999964e+00 1.0400000000000055e+02 3.7663105437498059e-10 1.0000000000000018e+02 4.0000000000000133e+00 1.0400000000000017e+02 3.8204483135777010e-10 9.9999999999999531e+01 3.9999999999999916e+00 1.0399999999999952e+02 3.5775688508388727e-10 9.9999999999999744e+01 3.9999999999999845e+00 1.0399999999999974e+02 3.2778163211352329e-10 1.0000000000000017e+02 3.9999999999999938e+00 1.0400000000000016e+02 3.2740646569574490e-10 1.0000000000000030e+02 3.9999999999999885e+00 1.0400000000000027e+02 2.7731355315394221e-10 9.9999999999999829e+01 4.0000000000000275e+00 1.0399999999999987e+02 2.5453569668037532e-10 9.9999999999999915e+01 3.9999999999999711e+00 1.0399999999999990e+02 2.5185238578296935e-10 9.9999999999999929e+01 4.0000000000000062e+00 1.0399999999999993e+02 2.1898553850315893e-10 9.9999999999999758e+01 4.0000000000000151e+00 1.0399999999999979e+02 1.8168415608425882e-10 1.0000000000000024e+02 4.0000000000000284e+00 1.0400000000000024e+02 1.7084094891277776e-10 1.0000000000000077e+02 3.9999999999999845e+00 1.0400000000000074e+02 1.1260470078993811e-10 9.9999999999998991e+01 3.9999999999999987e+00 1.0399999999999902e+02 1.1198493585853031e-10 1.0000000000000000e+02 4.0000000000000000e+00 1.0400000000000000e+02 0.0000000000000000e+00 1.0000000000000000e+02 4.0000000000000000e+00 1.0400000000000000e+02 0.0000000000000000e+00 
unew 728
1.2006164839750260e+01 1.2499366533093836e+02 1.3699983017167725e+02 -2.7188125960229499e+00 1.2006164839749248e+01 1.2499366533093827e+02 1.3699983017167543e+02 -2.7188125960709915e+00 1.2006180511700775e+01 1.2499365221367970e+02 1.3699983272637175e+02 -2.7188125773755627e+00 1.2006180511699728e+01 1.2499365221368136e+02 1.3699983272636797e+02 -2.7188125774236167e+00 1.2006217079575690e+01 1.2499362160675699e+02 1.3699983868731621e+02 -2.7188125338650515e+00 1.2006217079573927e+01 1.2499362160675314e+02 1.3699983868731843e+02 -2.7188125339130620e+00 1.2006259159191323e+01 1.2499358638655572e+02 1.3699984554673932e+02 -2.7188124837962944e+00 1.2006259159190291e+01 1.2499358638655892e+02 1.3699984554673389e+02 -2.7188124838443648e+00 1.2006299076154210e+01 1.2499355297647641e+02 1.3699985205362037e+02 -2.7188124363008286e+00 1.2006299076152954e+01 1.2499355297647703e+02 1.3699985205361787e+02 -2.7188124363488777e+00 1.2006333689822183e+01 1.2499352400519655e+02 1.3699985769600994e+02 -2.7188123951155112e+00 1.2006333689820847e+01 1.2499352400519800e+02 1.3699985769600630e+02 -2.7188123951635670e+00 1.2006362248297560e+01 1.2499350010205220e+02 1.3699986235133588e+02 -2.7188123611350310e+00 1.2006362248295925e+01 1.2499350010204935e+02 1.3699986235133716e+02 -2.7188123611830504e+00 1.2006385103391027e+01 1.2499348097257366e+02 1.3699986607695595e+02 -2.7188123339407215e+00 1.2006385103389823e+01 1.2499348097257587e+02 1.3699986607695180e+02 -2.7188123339887804e+00 1.2006403034139268e+01 1.2499346596472500e+02 1.3699986899985205e+02 -2.7188123126057091e+00 1.2006403034137824e+01 1.2499346596472387e+02 1.3699986899985160e+02 -2.7188123126537413e+00 1.2006416912987655e+01 1.2499345434827319e+02 1.3699987126224744e+02 -2.7188122960918699e+00 1.2006416912986259e+01 1.2499345434827197e+02 1.3699987126224710e+02 -2.7188122961399004e+00 1.2006427554903322e+01 1.2499344544109988e+02 1.3699987299698989e+02 -2.7188122834295125e+00 1.2006427554901746e+01 1.2499344544109753e+02 1.3699987299699063e+02 -2.7188122834775346e+00 1.2006435660384879e+01 1.2499343865689141e+02 1.3699987431827162e+02 -2.7188122737851170e+00 1.2006435660383492e+01 1.2499343865688886e+02 1.3699987431827259e+02 -2.7188122738331373e+00 1.2006441804262316e+01 1.2499343351455627e+02 1.3699987531975944e+02 -2.7188122664749836e+00 1.2006441804260824e+01 1.2499343351455677e+02 1.3699987531975734e+02 -2.7188122665230270e+00 1.2006446444917385e+01 1.2499342963019977e+02 1.3699987607641552e+02 -2.7188122609519438e+00 1.2006446444915966e+01 1.2499342963020045e+02 1.3699987607641302e+02 -2.7188122609999903e+00 1.2006449941291438e+01 1.2499342670527996e+02 1.3699987664480793e+02 -2.7188122568030924e+00 1.2006449941289683e+01 1.2499342670527693e+02 1.3699987664480926e+02 -2.7188122568511108e+00 1.2006452567508248e+01 1.2499342447535558e+02 1.3699987710563826e+02 -2.7188122534393657e+00 1.2006452567506944e+01 1.2499342447535520e+02 1.3699987710563690e+02 -2.7188122534874037e+00 1.2006454485820113e+01 1.2499342224142970e+02 1.3699987806487431e+02 -2.7188122464376372e+00 1.2006454485818423e+01 1.2499342224142895e+02 1.3699987806487334e+02 -2.7188122464856721e+00 1.2006455648290078e+01 1.2499341768708112e+02 1.3699988193955221e+02 -2.7188122181552932e+00 1.2006455648288402e+01 1.2499341768708052e+02 1.3699988193955082e+02 -2.7188122182033307e+00 1.2006455760079909e+01 1.2499340636619489e+02 1.3699989351053151e+02 -2.7188121336955215e+00 1.2006455760078660e+01 1.2499340636619492e+02 1.3699989351052926e+02 -2.7188121337435653e+00 1.2006454466094604e+01 1.2499338354265335e+02 1.3699991789915978e+02 -2.7188119556762151e+00 1.2006454466093427e+01 1.2499338354265318e+02 1.3699991789915796e+02 -2.7188119557242554e+00 1.2006451639978836e+01 1.2499334711822809e+02 1.3699995735272728e+02 -2.7188116676938403e+00 1.2006451639977620e+01 1.2499334711822856e+02 1.3699995735272495e+02 -2.7188116677418837e+00 1.2006446058262306e+01 1.2499328246236351e+02 1.3700002778020678e+02 -2.7188111536246193e+00 1.2006446058261277e+01 1.2499328246236418e+02 1.3700002778020445e+02 -2.7188111536726627e+00 1.2006435054359317e+01 1.2499316135214133e+02 1.3700016008472122e+02 -2.7188101878988991e+00 1.2006435054358187e+01 1.2499316135214160e+02 1.3700016008471920e+02 -2.7188101879469397e+00 1.2006413836800389e+01 1.2499293390590843e+02 1.3700040894015305e+02 -2.7188083714396658e+00 1.2006413836799084e+01 1.2499293390590866e+02 1.3700040894015135e+02 -2.7188083714877047e+00 1.2006373390204807e+01 1.2499250626893740e+02 1.3700087721930336e+02 -2.7188049533597241e+00 1.2006373390203644e+01 1.2499250626893736e+02 1.3700087721930174e+02 -2.7188049534077621e+00 1.2006296747228127e+01 1.2499170180249209e+02 1.3700175853779277e+02 -2.7187985204399352e+00 1.2006296747226926e+01 1.2499170180249148e+02 1.3700175853779149e+02 -2.7187985204879705e+00 1.2006151972468489e+01 1.2499018804272310e+02 1.3700341732867105e+02 -2.7187864127060482e+00 1.2006151972467405e+01 1.2499018804272275e+02 1.3700341732866980e+02 -2.7187864127540826e+00 1.2005878957957302e+01 1.2498733923500170e+02 1.3700653957428179e+02 -2.7187636234202857e+00 1.2005878957956446e+01 1.2498733923500099e+02 1.3700653957428094e+02 -2.7187636234683179e+00 1.2005364573412526e+01 1.2498197763540858e+02 1.3701241657307349e+02 -2.7187207285866344e+00 1.2005364573411507e+01 1.2498197763540686e+02 1.3701241657307361e+02 -2.7187207286346591e+00 1.2004395908305272e+01 1.2497188673691025e+02 1.3702347924567931e+02 -2.7186399897294260e+00 1.2004395908304287e+01 1.2497188673690829e+02 1.3702347924567988e+02 -2.7186399897774476e+00 1.2002572317126781e+01 1.2495289561593981e+02 1.3704430448643924e+02 -2.7184880182703042e+00 1.2002572317125965e+01 1.2495289561593742e+02 1.3704430448644044e+02 -2.7184880183183209e+00 1.0003619456562588e+02 4.0021068210668949e+00 1.0396151360083928e+02 -3.7049711308039570e-04 1.0003619456562639e+02 4.0021068210670032e+00 1.0396151360083861e+02 -3.7049711580225864e-04 1.0002057892093492e+02 4.0014816685604426e+00 1.0397774513485408e+02 -2.1437908220091689e-04 1.0002057892093521e+02 4.0014816685605474e+00 1.0397774513485369e+02 -2.1437908492031850e-04 1.0001156820608713e+02 4.0011207572268912e+00 1.0398711380204234e+02 -1.2428052253407742e-04 1.0001156820608725e+02 4.0011207572269853e+00 1.0398711380204213e+02 -1.2428052525195773e-04 1.0000636855533891e+02 4.0009123140032710e+00 1.0399252103657719e+02 -7.2282791817615771e-05 1.0000636855533891e+02 4.0009123140033616e+00 1.0399252103657709e+02 -7.2282794534489860e-05 1.0000336807974020e+02 4.0007918527032222e+00 1.0399564181318750e+02 -4.2273616523640252e-05 1.0000336807974020e+02 4.0007918527033066e+00 1.0399564181318745e+02 -4.2273619239998078e-05 1.0000163669629394e+02 4.0007221638777422e+00 1.0399744295789472e+02 -2.4954341436022700e-05 1.0000163669629386e+02 4.0007221638778212e+00 1.0399744295789471e+02 -2.4954344152046994e-05 1.0000063769132956e+02 4.0006817754450505e+00 1.0399848250110172e+02 -1.4958537627636200e-05 1.0000063769132950e+02 4.0006817754451323e+00 1.0399848250110173e+02 -1.4958540343353899e-05 1.0000006133171929e+02 4.0006582960410100e+00 1.0399908251555908e+02 -9.1891000146189838e-06 1.0000006133171922e+02 4.0006582960410864e+00 1.0399908251555911e+02 -9.1891027300907064e-06 9.9999728862132557e+01 4.0006445742760066e+00 1.0399942889075378e+02 -5.8585451239186761e-06 9.9999728862132471e+01 4.0006445742760945e+00 1.0399942889075383e+02 -5.8585478392389398e-06 9.9999537105605185e+01 4.0006364823925713e+00 1.0399962892566778e+02 -3.9351233945704875e-06 9.9999537105605100e+01 4.0006364823926592e+00 1.0399962892566785e+02 -3.9351261096749882e-06 9.9999426489329323e+01 4.0006316370862844e+00 1.0399974457450189e+02 -2.8231115977075247e-06 9.9999426489329224e+01 4.0006316370863795e+00 1.0399974457450199e+02 -2.8231143126243166e-06 9.9999357513209304e+01 4.0006284113943442e+00 1.0399981698454381e+02 -2.1268591995657132e-06 9.9999357513209205e+01 4.0006284113944348e+00 1.0399981698454391e+02 -2.1268619144191848e-06 9.9999312172107096e+01 4.0006259764284859e+00 1.0399986503814287e+02 -1.6648038666484816e-06 9.9999312172107025e+01 4.0006259764285712e+00 1.0399986503814294e+02 -1.6648065815923998e-06 9.9999289141984150e+01 4.0006242281656039e+00 1.0399989018608935e+02 -1.4229951983038198e-06 9.9999289141984065e+01 4.0006242281656847e+00 1.0399989018608944e+02 -1.4229979133211499e-06 9.9999281501752080e+01 4.0006228221141935e+00 1.0399989972410170e+02 -1.3312815684524680e-06 9.9999281501752037e+01 4.0006228221142734e+00 1.0399989972410175e+02 -1.3312842837573117e-06 9.9999281200913984e+01 4.0006213469025109e+00 1.0399990215387089e+02 -1.3079153914690414e-06 9.9999281200913998e+01 4.0006213469025926e+00 1.0399990215387086e+02 -1.3079181076520715e-06 9.9999283295428469e+01 4.0006194871604057e+00 1.0399990278720752e+02 -1.3018207690066672e-06 9.9999283295428469e+01 4.0006194871604883e+00 1.0399990278720753e+02 -1.3018234850513922e-06 9.9999286330146703e+01 4.0006170305345119e+00 1.0399990336022962e+02 -1.2963029655657617e-06 9.9999286330146646e+01 4.0006170305346016e+00 1.0399990336022971e+02 -1.2963056811774984e-06 9.9999290344459581e+01 4.0006137776950439e+00 1.0399990412216992e+02 -1.2889633030227323e-06 9.9999290344459524e+01 4.0006137776951345e+00 1.0399990412216999e+02 -1.2889660187062322e-06 9.9999295646551687e+01 4.0006094811143873e+00 1.0399990512761349e+02 -1.2792730953528349e-06 9.9999295646551687e+01 4.0006094811144761e+00 1.0399990512761349e+02 -1.2792758118218276e-06 9.9999302626721487e+01 4.0006038237277126e+00 1.0399990645040874e+02 -1.2665156068019055e-06 9.9999302626721416e+01 4.0006038237277943e+00 1.0399990645040882e+02 -1.2665183226070279e-06 9.9999311777887058e+01 4.0005964051258429e+00 1.0399990818297010e+02 -1.2497906721099029e-06 9.9999311777887044e+01 4.0005964051259282e+00 1.0399990818297016e+02 -1.2497933880469206e-06 9.9999323710498800e+01 4.0005867287601014e+00 1.0399991043921656e+02 -1.2279828467118117e-06 9.9999323710498828e+01 4.0005867287601795e+00 1.0399991043921661e+02 -1.2279855626527948e-06 9.9999339161935566e+01 4.0005741937333763e+00 1.0399991335562638e+02 -1.1997451159508036e-06 9.9999339161935438e+01 4.0005741937334447e+00 1.0399991335562656e+02 -1.1997478304142842e-06 9.9999358993010347e+01 4.0005580965125018e+00 1.0399991708948053e+02 -1.1635053584123142e-06 9.9999358993010389e+01 4.0005580965125702e+00 1.0399991708948062e+02 -1.1635080740647720e-06 9.9999384162124201e+01 4.0005376500061800e+00 1.0399992181208820e+02 -1.1175139916202762e-06 9.9999384162124230e+01 4.0005376500062466e+00 1.0399992181208827e+02 -1.1175167074532292e-06 9.9999415665522221e+01 4.0005120288726923e+00 1.0399992769435278e+02 -1.0599537708831013e-06 9.9999415665522292e+01 4.0005120288727527e+00 1.0399992769435278e+02 -1.0599564875609999e-06 9.9999454432347235e+01 4.0004804494891646e+00 1.0399993488179463e+02 -9.8913260941977048e-07 9.9999454432347321e+01 4.0004804494892312e+00 1.0399993488179454e+02 -9.8913532690609000e-07 9.9999501166832346e+01 4.0004422897020797e+00 1.0399994345649279e+02 -9.0377362648524026e-07 9.9999501166832289e+01 4.0004422897021330e+00 1.0399994345649293e+02 -9.0377634190591939e-07 9.9999556136633416e+01 4.0003972477008789e+00 1.0399995338429336e+02 -8.0340451347745433e-07 9.9999556136633402e+01 4.0003972477009295e+00 1.0399995338429342e+02 -8.0340722958734575e-07 9.9999618912791618e+01 4.0003455340678249e+00 1.0399996444681965e+02 -6.8883653021187135e-07 9.9999618912791618e+01 4.0003455340678702e+00 1.0399996444681962e+02 -6.8883924710017577e-07 9.9999688069685263e+01 4.0002880903725471e+00 1.0399997616001973e+02 -5.6271777684739625e-07 9.9999688069685277e+01 4.0002880903725879e+00 1.0399997616001977e+02 -5.6272049249463456e-07 9.9999760859224409e+01 4.0002268300843591e+00 1.0399998768927360e+02 -4.3013325775079387e-07 9.9999760859224438e+01 4.0002268300843919e+00 1.0399998768927354e+02 -4.3013597430815203e-07 9.9999832918349298e+01 4.0001648826079439e+00 1.0399999780092631e+02 -2.9913810218160568e-07 9.9999832918349199e+01 4.0001648826079572e+00 1.0399999780092631e+02 -2.9914081489068538e-07 9.9999898233433285e+01 4.0001067343759642e+00 1.0400000496778461e+02 -1.8080028816000674e-07 9.9999898233433214e+01 4.0001067343759944e+00 1.0400000496778461e+02 -1.8080299754019809e-07 9.9999949938940844e+01 4.0000579257631541e+00 1.0400000786468728e+02 -8.7672516314662005e-08 9.9999949938940802e+01 4.0000579257631612e+00 1.0400000786468721e+02 -8.7675220907900351e-08 9.9999982794772507e+01 4.0000236382538086e+00 1.0400000643301784e+02 -2.9146094163884152e-08 9.9999982794772592e+01 4.0000236382538290e+00 1.0400000643301796e+02 -2.9148795494711227e-08 9.9999997088062287e+01 4.0000057733883940e+00 1.0400000286144827e+02 -4.2717644369464525e-09 9.9999997088062230e+01 4.0000057733883709e+00 1.0400000286144815e+02 -4.2744788153153635e-09 1.0000000004094926e+02 4.0000003735960190e+00 1.0400000041454514e+02 5.2716735600895154e-10 1.0000000004094917e+02 4.0000003735960235e+00 1.0400000041454511e+02 5.2447906111577419e-10 1.0000000001068317e+02 3.9999999492206215e+00 1.0399999995990383e+02 3.8254317812144549e-10 1.0000000001068297e+02 3.9999999492206215e+00 1.0399999995990359e+02 3.7990384427542558e-10 9.9999999997245553e+01 4.0000000066058066e+00 1.0400000000385133e+02 3.6721837403997656e-10 9.9999999997245652e+01 4.0000000066058155e+00 1.0400000000385148e+02 3.6458550133794726e-10 1.0000000000056079e+02 3.9999999990330619e+00 1.0399999999959385e+02 3.7227808022753961e-10 1.0000000000055969e+02 3.9999999990330286e+00 1.0399999999959272e+02 3.6977970533261932e-10 9.9999999999890349e+01 4.0000000001571427e+00 1.0400000000004748e+02 3.7103226823950994e-10 9.9999999999890136e+01 4.0000000001571232e+00 1.0400000000004727e+02 3.6890015917440538e-10 1.0000000000002139e+02 3.9999999999725357e+00 1.0399999999999392e+02 3.7121322046531254e-10 1.0000000000002143e+02 3.9999999999725069e+00 1.0399999999999390e+02 3.6929536839671739e-10 9.9999999999996021e+01 4.0000000000050457e+00 1.0400000000000105e+02 3.7104510529706567e-10 9.9999999999995580e+01 4.0000000000050200e+00 1.0400000000000060e+02 3.7000855525732412e-10 1.0000000000000067e+02 3.9999999999990430e+00 1.0399999999999972e+02 3.7175981965951198e-10 1.0000000000000091e+02 3.9999999999990861e+00 1.0399999999999997e+02 3.7112648119628129e-10 9.9999999999999702e+01 4.0000000000001812e+00 1.0399999999999987e+02 3.7319028353534971e-10 9.9999999999999702e+01 4.0000000000001510e+00 1.0399999999999984e+02 3.7186332828565571e-10 1.0000000000000004e+02 3.9999999999999885e+00 1.0400000000000006e+02 3.7531386613499941e-10 1.0000000000000023e+02 3.9999999999999543e+00 1.0400000000000017e+02 3.7185545698823145e-10 1.0000000000000006e+02 4.0000000000000258e+00 1.0400000000000009e+02 3.7850226688571904e-10 9.9999999999999687e+01 4.0000000000000018e+00 1.0399999999999967e+02 3.7765100970794340e-10 1.0000000000000000e+02 3.9999999999999800e+00 1.0399999999999999e+02 3.8495686054928541e-10 1.0000000000000009e+02 4.0000000000000080e+00 1.0400000000000010e+02 3.7891079751830315e-10 1.0000000000000000e+02 4.0000000000000009e+00 1.0400000000000001e+02 3.8324913019903066e-10 1.0000000000000004e+02 3.9999999999999858e+00 1.0400000000000003e+02 3.8637788909451669e-10 1.0000000000000061e+02 4.0000000000000089e+00 1.0400000000000060e+02 3.8522829269303729e-10 9.9999999999999488e+01 3.9999999999999911e+00 1.0399999999999950e+02 3.7843166525345722e-10 9.9999999999999616e+01 3.9999999999999978e+00 1.0399999999999963e+02 4.1242032039980347e-10 1.0000000000000054e+02 3.9999999999999964e+00 1.0400000000000055e+02 3.7663105437498059e-10 1.0000000000000018e+02 4.0000000000000133e+00 1.0400000000000017e+02 3.8204483135777010e-10 9.9999999999999531e+01 3.9999999999999916e+00 1.0399999999999952e+02 3.5775688508388727e-10 9.9999999999999744e+01 3.9999999999999845e+00 1.0399999999999974e+02 3.2778163211352329e-10 1.0000000000000017e+02 3.9999999999999938e+00 1.0400000000000016e+02 3.2740646569574490e-10 1.0000000000000030e+02 3.9999999999999885e+00 1.0400000000000027e+02 2.7731355315394221e-10 9.9999999999999829e+01 4.0000000000000275e+00 1.0399999999999987e+02 2.5453569668037532e-10 9.9999999999999915e+01 3.9999999999999711e+00 1.0399999999999990e+02 2.5185238578296935e-10 9.9999999999999929e+01 4.0000000000000062e+00 1.0399999999999993e+02 2.1898553850315893e-10 9.9999999999999758e+01 4.0000000000000151e+00 1.0399999999999979e+02 1.8168415608425882e-10 1.0000000000000024e+02 4.0000000000000284e+00 1.0400000000000024e+02 1.7084094891277776e-10 1.0000000000000077e+02 3.9999999999999845e+00 1.0400000000000074e+02 1.1260470078993811e-10 9.9999999999998991e+01 3.9999999999999987e+00 1.0399999999999902e+02 1.1198493585853031e-10 1.0000000000000000e+02 4.0000000000000000e+00 1.0400000000000000e+02 0.0000000000000000e+00 1.0000000000000000e+02 4.0000000000000000e+00 1.0400000000000000e+02 0.0000000000000000e+00 
