#elements 197
timestep 100
time 1.0000000000000000e+03
dt 1.0000000000000000e+01
mpi_rank 0
mpi_size 1
#vectors 5
x 2
0.0000000000000000e+00 1.0000000000000000e+06 
y 198
0.0000000000000000e+00 1.0000000000000000e+02 2.0000000000000000e+02 2.7478490459257273e+02 3.3071272414177474e+02 3.7253829063235173e+02 4.0381750062763280e+02 4.2720962797991422e+02 4.4470340810249098e+02 4.5778611487679444e+02 4.6757000465608331e+02 4.7488687729296697e+02 4.8035879351362047e+02 4.8445096083862171e+02 4.8751128426839233e+02 4.8979994422557041e+02 4.9151151639099447e+02 4.9279151400193990e+02 4.9374875899407266e+02 4.9446463374815630e+02 4.9500000000000000e+02 4.9550000000000000e+02 4.9600000000000000e+02 4.9650000000000000e+02 4.9700000000000000e+02 4.9750000000000000e+02 4.9800000000000000e+02 4.9850000000000000e+02 4.9900000000000000e+02 4.9950000000000000e+02 5.0000000000000000e+02 5.0500000000000000e+02 5.0550000000000000e+02 5.0600000000000000e+02 5.0650000000000000e+02 5.0700000000000000e+02 5.0750000000000000e+02 5.0800000000000000e+02 5.0850000000000000e+02 5.0900000000000000e+02 5.0950000000000000e+02 5.1000000000000000e+02 5.1050130438747954e+02 5.1121486040329546e+02 5.1223053511196304e+02 5.1367624517671175e+02 5.1573406701029614e+02 5.1866316794279373e+02 5.2283244641614635e+02 5.2876699199479242e+02 5.3721421648462285e+02 5.4923798488204591e+02 5.6635260124496097e+02 5.9071352400795581e+02 6.2538882991493097e+02 6.7474561542917911e+02 7.4500000000000011e+02 8.4500000000000000e+02 9.4500000000000000e+02 1.0450000000000000e+03 1.1450000000000000e+03 1.2450000000000000e+03 1.3161392097045609e+03 1.3667470812784557e+03 1.4027491211644235e+03 1.4283606878168218e+03 1.4465805539262949e+03 1.4595420226858032e+03 1.4687627091274210e+03 1.4753222325913234e+03 1.4799886257439289e+03 1.4833082609544001e+03 1.4856698232082038e+03 1.4873498199322407e+03 1.4885449563247832e+03 1.4893951669093296e+03 1.4900000000000000e+03 1.4905000000000000e+03 1.4910000000000000e+03 1.4915000000000000e+03 1.4920000000000000e+03 1.4925000000000000e+03 1.4930000000000000e+03 1.4935000000000000e+03 1.4940000000000000e+03 1.4945000000000000e+03 1.4950000000000000e+03 1.5000000000000000e+03 1.5005000000000000e+03 1.5010000000000000e+03 1.5015000000000000e+03 1.5020000000000000e+03 1.5025000000000000e+03 1.5030000000000000e+03 1.5035000000000000e+03 1.5040000000000000e+03 1.5045000000000000e+03 1.5050000000000000e+03 1.5055000000000000e+03 1.5062143917351161e+03 1.5072351028375203e+03 1.5086934779885178e+03 1.5107771802976602e+03 1.5137543397138472e+03 1.5180080558759410e+03 1.5240856952153995e+03 1.5327693258416500e+03 1.5451763537420379e+03 1.5629033101208202e+03 1.5882312923723493e+03 1.6244194947476653e+03 1.6761246001189297e+03 1.7500000000000000e+03 1.8238753998810701e+03 1.8755805052523344e+03 1.9117687076276504e+03 1.9370966898791796e+03 1.9548236462579619e+03 1.9672306741583498e+03 1.9759143047846003e+03 1.9819919441240588e+03 1.9862456602861525e+03 1.9892228197023396e+03 1.9913065220114820e+03 1.9927648971624794e+03 1.9937856082648836e+03 1.9944999999999998e+03 1.9950000000000000e+03 1.9955000000000000e+03 1.9960000000000000e+03 1.9965000000000000e+03 1.9970000000000000e+03 1.9975000000000000e+03 1.9980000000000000e+03 1.9985000000000000e+03 1.9990000000000000e+03 1.9995000000000000e+03 2.0000000000000000e+03 2.0050000000000000e+03 2.0055000000000000e+03 2.0060000000000000e+03 2.0065000000000000e+03 2.0070000000000000e+03 2.0075000000000000e+03 2.0080000000000000e+03 2.0085000000000000e+03 2.0090000000000000e+03 2.0095000000000000e+03 2.0100000000000000e+03 2.0105270652983438e+03 2.0112310031495806e+03 2.0121711684383235e+03 2.0134268343591207e+03 2.0151038766021493e+03 2.0173437006176939e+03 2.0203351646917001e+03 2.0243305041665712e+03 2.0296665995113788e+03 2.0367933815302695e+03 2.0463117687896367e+03 2.0590243360856666e+03 2.0760029862343085e+03 2.0986793311579663e+03 2.1289654030538418e+03 2.1694148738115923e+03 2.2234383764370655e+03 2.2955910840312749e+03 2.3919567945122676e+03 2.5206609064734353e+03 2.6925555394609651e+03 2.9221345668880967e+03 3.2287557156601547e+03 3.6382727779455472e+03 4.1852155605111730e+03 4.9157013813733911e+03 5.8913236063850591e+03 7.1943451007834447e+03 8.9346344990122470e+03 1.1258930147708277e+04 1.4363212842325389e+04 1.8509230606246929e+04 2.4046568854648031e+04 3.1442126863112469e+04 4.1319485948473637e+04 5.4511488822293824e+04 7.2130463521796381e+04 9.5662013084885300e+04 1.2709027916076223e+05 1.6906524157825887e+05 2.2512616029698565e+05 2.9999999999999994e+05 4.0000000000000000e+05 5.0000000000000000e+05 6.0000000000000000e+05 7.0000000000000000e+05 8.0000000000000000e+05 9.0000000000000000e+05 1.0000000000000000e+06 
channelStates 15
1.3000000000000000e-01 1.3000000000000000e-01 1.3000000000000000e-01 8.7000000000000000e-01 8.7000000000000000e-01 8.7000000000000000e-01 5.2932485257249577e-02 5.2932485257249577e-02 5.2932485257249577e-02 5.9612075350846028e-01 5.9612075350846028e-01 5.9612075350846028e-01 3.1767691406069742e-01 3.1767691406069742e-01 3.1767691406069742e-01 
uold 1584
1.2030101875278902e+01 1.2496497653697054e+02 1.3699507841718861e+02 -2.7180145350772502e+00 1.2030101875279088e+01 1.2496497653697132e+02 1.3699507841718960e+02 -2.7180145344890994e+00 1.2030180137076062e+01 1.2496491104295998e+02 1.3699509118497525e+02 -2.7180144419496939e+00 1.2030180137076247e+01 1.2496491104296081e+02 1.3699509118497619e+02 -2.7180144413615430e+00 1.2030362747408772e+01 1.2496475822399613e+02 1.3699512097634403e+02 -2.7180142246526966e+00 1.2030362747408956e+01 1.2496475822399694e+02 1.3699512097634502e+02 -2.7180142240645448e+00 1.2030572881134640e+01 1.2496458237177519e+02 1.3699515525784886e+02 -2.7180139746042751e+00 1.2030572881134818e+01 1.2496458237177595e+02 1.3699515525784989e+02 -2.7180139740161229e+00 1.2030772214396912e+01 1.2496441555793788e+02 1.3699518777727383e+02 -2.7180137374078654e+00 1.2030772214397095e+01 1.2496441555793866e+02 1.3699518777727479e+02 -2.7180137368197146e+00 1.2030945063987016e+01 1.2496427090713910e+02 1.3699521597606517e+02 -2.7180135317256839e+00 1.2030945063987202e+01 1.2496427090713991e+02 1.3699521597606613e+02 -2.7180135311375331e+00 1.2031087675446708e+01 1.2496415156136023e+02 1.3699523924174571e+02 -2.7180133620253408e+00 1.2031087675446896e+01 1.2496415156136101e+02 1.3699523924174670e+02 -2.7180133614371895e+00 1.2031201805845948e+01 1.2496405605020354e+02 1.3699525786098914e+02 -2.7180132262160028e+00 1.2031201805846132e+01 1.2496405605020432e+02 1.3699525786099011e+02 -2.7180132256278515e+00 1.2031291345597587e+01 1.2496398111795899e+02 1.3699527246849235e+02 -2.7180131196682979e+00 1.2031291345597767e+01 1.2496398111795973e+02 1.3699527246849334e+02 -2.7180131190801462e+00 1.2031360651501025e+01 1.2496392311859407e+02 1.3699528377504782e+02 -2.7180130371977604e+00 1.2031360651501204e+01 1.2496392311859479e+02 1.3699528377504876e+02 -2.7180130366096091e+00 1.2031413793284949e+01 1.2496387864637857e+02 1.3699529244453902e+02 -2.7180129739620469e+00 1.2031413793285131e+01 1.2496387864637933e+02 1.3699529244453996e+02 -2.7180129733738951e+00 1.2031454269003268e+01 1.2496384477366763e+02 1.3699529904791618e+02 -2.7180129257966485e+00 1.2031454269003447e+01 1.2496384477366838e+02 1.3699529904791709e+02 -2.7180129252084959e+00 1.2031484949272260e+01 1.2496381909951239e+02 1.3699530405209981e+02 -2.7180128892958462e+00 1.2031484949272436e+01 1.2496381909951316e+02 1.3699530405210078e+02 -2.7180128887076940e+00 1.2031508122491768e+01 1.2496379970092440e+02 1.3699530783856855e+02 -2.7180128616770824e+00 1.2031508122491941e+01 1.2496379970092518e+02 1.3699530783856949e+02 -2.7180128610889294e+00 1.2031525585808653e+01 1.2496378513634387e+02 1.3699531063629394e+02 -2.7180128412705749e+00 1.2031525585808827e+01 1.2496378513634465e+02 1.3699531063629490e+02 -2.7180128406824218e+00 1.2031538620663632e+01 1.2496377317768167e+02 1.3699531384363067e+02 -2.7180128178702430e+00 1.2031538620663806e+01 1.2496377317768247e+02 1.3699531384363161e+02 -2.7180128172820903e+00 1.2031546630480277e+01 1.2496374572905340e+02 1.3699533649898765e+02 -2.7180126525058039e+00 1.2031546630480454e+01 1.2496374572905418e+02 1.3699533649898859e+02 -2.7180126519176517e+00 1.2031543489880942e+01 1.2496363011456590e+02 1.3699545766703869e+02 -2.7180117680443390e+00 1.2031543489881120e+01 1.2496363011456668e+02 1.3699545766703963e+02 -2.7180117674561868e+00 1.2031516005540430e+01 1.2496328244422385e+02 1.3699583463206284e+02 -2.7180090163923043e+00 1.2031516005540608e+01 1.2496328244422465e+02 1.3699583463206378e+02 -2.7180090158041512e+00 1.2031449833716069e+01 1.2496254856030581e+02 1.3699663605334925e+02 -2.7180031664448365e+00 1.2031449833716252e+01 1.2496254856030667e+02 1.3699663605335010e+02 -2.7180031658566839e+00 1.2031338840258174e+01 1.2496136085117880e+02 1.3699793580775361e+02 -2.7179936790012276e+00 1.2031338840258366e+01 1.2496136085117973e+02 1.3699793580775440e+02 -2.7179936784130758e+00 1.2031137820383231e+01 1.2495924037019898e+02 1.3700025838519210e+02 -2.7179767257721115e+00 1.2031137820383437e+01 1.2495924037020008e+02 1.3700025838519272e+02 -2.7179767251839602e+00 1.2030757407283566e+01 1.2495525662174971e+02 1.3700462395008071e+02 -2.7179448609054204e+00 1.2030757407283796e+01 1.2495525662175110e+02 1.3700462395008100e+02 -2.7179448603172731e+00 1.2030039116250434e+01 1.2494776353464550e+02 1.3701283788672262e+02 -2.7178849089870742e+00 1.2030039116250718e+01 1.2494776353464741e+02 1.3701283788672237e+02 -2.7178849083989305e+00 1.2028684812450914e+01 1.2493366458914872e+02 1.3702829778456746e+02 -2.7177720799600649e+00 1.2028684812451290e+01 1.2493366458915163e+02 1.3702829778456609e+02 -2.7177720793719291e+00 1.2026133606412468e+01 1.2490713421684654e+02 1.3705740049922605e+02 -2.7175597178121782e+00 1.2026133606413026e+01 1.2490713421685128e+02 1.3705740049922264e+02 -2.7175597172240575e+00 1.2021330555532989e+01 1.2485721546635718e+02 1.3711219476201856e+02 -2.7171600071106909e+00 1.2021330555533883e+01 1.2485721546636543e+02 1.3711219476201131e+02 -2.7171600065225983e+00 1.2012292696442696e+01 1.2476331268873160e+02 1.3721538969394337e+02 -2.7164076589622526e+00 1.2012292696444222e+01 1.2476331268874645e+02 1.3721538969392884e+02 -2.7164076583742136e+00 1.1995297097426853e+01 1.2458675841513053e+02 1.3740983806813111e+02 -2.7149915592653224e+00 1.1995297097429575e+01 1.2458675841515772e+02 1.3740983806810286e+02 -2.7149915586773834e+00 1.1963369797592621e+01 1.2425511904642720e+02 1.3777658557269808e+02 -2.7123261121991944e+00 1.1963369797597572e+01 1.2425511904647759e+02 1.3777658557264397e+02 -2.7123261116114428e+00 1.1903502184707870e+01 1.2363328336495049e+02 1.3846955584533299e+02 -2.7073090648723559e+00 1.1903502184716988e+01 1.2363328336504421e+02 1.3846955584522985e+02 -2.7073090642849560e+00 1.0120817653790212e+02 4.0694370906985080e+00 1.0274252738474611e+02 -1.5305981369966176e-02 1.0120817653781529e+02 4.0694370906951089e+00 1.0274252738483393e+02 -1.5305980971644690e-02 1.0068790410263422e+02 4.0485155646198416e+00 1.0327341989103199e+02 -1.0152086367352813e-02 1.0068790410258428e+02 4.0485155646179258e+00 1.0327341989108290e+02 -1.0152085969393338e-02 1.0038886968996241e+02 4.0364897135438804e+00 1.0358104986643818e+02 -7.1777256954191340e-03 1.0038886968993357e+02 4.0364897135428137e+00 1.0358104986646758e+02 -7.1777252976685923e-03 1.0021669896940324e+02 4.0295648752779920e+00 1.0375900357287708e+02 -5.4611863380869229e-03 1.0021669896938656e+02 4.0295648752774138e+00 1.0375900357289403e+02 -5.4611859404569722e-03 1.0011747248042246e+02 4.0255730234839788e+00 1.0386184223670686e+02 -4.4705473224612730e-03 1.0011747248041280e+02 4.0255730234836795e+00 1.0386184223671664e+02 -4.4705469249009385e-03 1.0006025311490451e+02 4.0232702208148741e+00 1.0392123857549025e+02 -3.8988324797956278e-03 1.0006025311489883e+02 4.0232702208147364e+00 1.0392123857549583e+02 -3.8988320822755111e-03 1.0002724652961624e+02 4.0219409822747449e+00 1.0395553311499731e+02 -3.5688818270971099e-03 1.0002724652961287e+02 4.0219409822747005e+00 1.0395553311500052e+02 -3.5688814296001986e-03 1.0000820316429049e+02 4.0211731879719670e+00 1.0397533114768443e+02 -3.3784528389508724e-03 1.0000820316428850e+02 4.0211731879719768e+00 1.0397533114768622e+02 -3.3784524414673207e-03 9.9997214244153994e+01 4.0207292547995612e+00 1.0398676025095000e+02 -3.2685375871163002e-03 9.9997214244152772e+01 4.0207292547996021e+00 1.0398676025095099e+02 -3.2685371896404645e-03 9.9990871507674214e+01 4.0204721416639986e+00 1.0399335947237790e+02 -3.2050774731202428e-03 9.9990871507673447e+01 4.0204721416640563e+00 1.0399335947237843e+02 -3.2050770756488632e-03 9.9987207977818670e+01 4.0203227594024629e+00 1.0399717279484771e+02 -3.1684092452376727e-03 9.9987207977818173e+01 4.0203227594025304e+00 1.0399717279484800e+02 -3.1684088477688787e-03 9.9985083327524947e+01 4.0202352518117106e+00 1.0399938570992650e+02 -3.1471308668959818e-03 9.9985083327524578e+01 4.0202352518117852e+00 1.0399938570992661e+02 -3.1471304694287304e-03 9.9983507630379322e+01 4.0201689437943289e+00 1.0400102896855664e+02 -3.1313303393523651e-03 9.9983507630379066e+01 4.0201689437944088e+00 1.0400102896855665e+02 -3.1313299418863410e-03 9.9982627479189190e+01 4.0201293673476348e+00 1.0400195055501921e+02 -3.1224690646486620e-03 9.9982627479188992e+01 4.0201293673477165e+00 1.0400195055501914e+02 -3.1224686671834398e-03 9.9982308856351636e+01 4.0201106257249908e+00 1.0400229057237331e+02 -3.1191997430904598e-03 9.9982308856351452e+01 4.0201106257250752e+00 1.0400229057237318e+02 -3.1191993456255642e-03 9.9982258597222142e+01 4.0201002231583596e+00 1.0400235498568742e+02 -3.1185804114401985e-03 9.9982258597221929e+01 4.0201002231584431e+00 1.0400235498568732e+02 -3.1185800139750261e-03 9.9982270520614591e+01 4.0200888918850586e+00 1.0400235968002390e+02 -3.1185352933637838e-03 9.9982270520614392e+01 4.0200888918851430e+00 1.0400235968002379e+02 -3.1185348958989445e-03 9.9982290163770699e+01 4.0200731111549857e+00 1.0400236323456095e+02 -3.1185011422088082e-03 9.9982290163770486e+01 4.0200731111550692e+00 1.0400236323456083e+02 -3.1185007447438015e-03 9.9982317325149793e+01 4.0200510987412548e+00 1.0400236842716289e+02 -3.1184512511657015e-03 9.9982317325149594e+01 4.0200510987413418e+00 1.0400236842716274e+02 -3.1184508537011150e-03 9.9982354890675381e+01 4.0200206823357094e+00 1.0400237556847699e+02 -3.1183826369467686e-03 9.9982354890675168e+01 4.0200206823357929e+00 1.0400237556847686e+02 -3.1183822394817290e-03 9.9982406120103022e+01 4.0199791974339085e+00 1.0400238531454919e+02 -3.1182889960032229e-03 9.9982406120102766e+01 4.0199791974339911e+00 1.0400238531454909e+02 -3.1182885985377765e-03 9.9982474657543193e+01 4.0199236977119712e+00 1.0400239835194682e+02 -3.1181637317811354e-03 9.9982474657542980e+01 4.0199236977120547e+00 1.0400239835194664e+02 -3.1181633343162272e-03 9.9982563717048507e+01 4.0198515795863505e+00 1.0400241529339419e+02 -3.1180009571290758e-03 9.9982563717048222e+01 4.0198515795864340e+00 1.0400241529339405e+02 -3.1180005596637026e-03 9.9982674262733596e+01 4.0197620625147970e+00 1.0400243632199334e+02 -3.1177989126144954e-03 9.9982674262733354e+01 4.0197620625148813e+00 1.0400243632199317e+02 -3.1177985151491475e-03 9.9982801203621662e+01 4.0196592689390700e+00 1.0400246046930869e+02 -3.1175669024775662e-03 9.9982801203621420e+01 4.0196592689391561e+00 1.0400246046930852e+02 -3.1175665050124195e-03 9.9982926052091969e+01 4.0195581695046103e+00 1.0400248421834388e+02 -3.1173387167377311e-03 9.9982926052091727e+01 4.0195581695046956e+00 1.0400248421834370e+02 -3.1173383192724833e-03 9.9983003361554367e+01 4.0194955652996756e+00 1.0400249892360145e+02 -3.1171974182712127e-03 9.9983003361554097e+01 4.0194955652997590e+00 1.0400249892360128e+02 -3.1171970208051752e-03 9.9982976993359287e+01 4.0195169160146831e+00 1.0400249390612133e+02 -3.1172456117881139e-03 9.9982976993359003e+01 4.0195169160147675e+00 1.0400249390612117e+02 -3.1172452143215252e-03 9.9982857670555418e+01 4.0196135384895655e+00 1.0400247120579242e+02 -3.1174636987360070e-03 9.9982857670555163e+01 4.0196135384896490e+00 1.0400247120579225e+02 -3.1174633012691238e-03 9.9982653179075371e+01 4.0197791280604172e+00 1.0400243230388325e+02 -3.1178374487348544e-03 9.9982653179075143e+01 4.0197791280605024e+00 1.0400243230388311e+02 -3.1178370512676065e-03 9.9982369350985806e+01 4.0200089623343711e+00 1.0400237831006777e+02 -3.1183562024834893e-03 9.9982369350985607e+01 4.0200089623344546e+00 1.0400237831006767e+02 -3.1183558050159525e-03 9.9982121817849929e+01 4.0202094067393377e+00 1.0400233122133666e+02 -3.1188086197362114e-03 9.9982121817849702e+01 4.0202094067394221e+00 1.0400233122133653e+02 -3.1188082222686252e-03 9.9981923449664180e+01 4.0203700392470054e+00 1.0400229348565973e+02 -3.1191711779842493e-03 9.9981923449663938e+01 4.0203700392470889e+00 1.0400229348565959e+02 -3.1191707805164346e-03 9.9981771311582207e+01 4.0204932361991874e+00 1.0400226454452508e+02 -3.1194492413217549e-03 9.9981771311581994e+01 4.0204932361992727e+00 1.0400226454452493e+02 -3.1194488438538461e-03 9.9981657586708295e+01 4.0205853273457590e+00 1.0400224291081982e+02 -3.1196570965414667e-03 9.9981657586708081e+01 4.0205853273458434e+00 1.0400224291081972e+02 -3.1196566990734451e-03 9.9981573930495586e+01 4.0206530698488745e+00 1.0400222699700979e+02 -3.1198099958575625e-03 9.9981573930495358e+01 4.0206530698489571e+00 1.0400222699700967e+02 -3.1198095983892464e-03 9.9981513033964688e+01 4.0207023819919145e+00 1.0400221541308996e+02 -3.1199212939907904e-03 9.9981513033964475e+01 4.0207023819919971e+00 1.0400221541308984e+02 -3.1199208965226417e-03 9.9981469016843477e+01 4.0207380267881074e+00 1.0400220703848970e+02 -3.1200017571675768e-03 9.9981469016843263e+01 4.0207380267881909e+00 1.0400220703848957e+02 -3.1200013596995543e-03 9.9981437345239200e+01 4.0207636686810515e+00 1.0400220102081353e+02 -3.1200595750307328e-03 9.9981437345239002e+01 4.0207636686811359e+00 1.0400220102081340e+02 -3.1200591775626782e-03 9.9981414677435680e+01 4.0207820555196232e+00 1.0400219666382696e+02 -3.1201014373176076e-03 9.9981414677435467e+01 4.0207820555197076e+00 1.0400219666382688e+02 -3.1201010398494229e-03 9.9981398084304161e+01 4.0207951932178414e+00 1.0400219394016736e+02 -3.1201276036914539e-03 9.9981398084303976e+01 4.0207951932179267e+00 1.0400219394016725e+02 -3.1201272062235203e-03 9.9981410345779011e+01 4.0208055456275877e+00 1.0400216691328242e+02 -3.1203874563559804e-03 9.9981410345778798e+01 4.0208055456276748e+00 1.0400216691328231e+02 -3.1203870588881171e-03 9.9981608938659335e+01 4.0208205654768880e+00 1.0400195015300319e+02 -3.1224716373046127e-03 9.9981608938659093e+01 4.0208205654769742e+00 1.0400195015300311e+02 -3.1224712398364649e-03 9.9982340878843019e+01 4.0208550142191024e+00 1.0400118152934762e+02 -3.1298621300933794e-03 9.9982340878842678e+01 4.0208550142191850e+00 1.0400118152934759e+02 -3.1298617326242285e-03 9.9983930384216265e+01 4.0209225086574234e+00 1.0399952298954271e+02 -3.1458095685102370e-03 9.9983930384215739e+01 4.0209225086574971e+00 1.0399952298954288e+02 -3.1458091710391107e-03 9.9986403699128658e+01 4.0210245179483168e+00 1.0399694672285513e+02 -3.1705817799970730e-03 9.9986403699127820e+01 4.0210245179483790e+00 1.0399694672285558e+02 -3.1705813825229300e-03 9.9990120230334455e+01 4.0211760849212013e+00 1.0399307821674442e+02 -3.2077807347830256e-03 9.9990120230333162e+01 4.0211760849212457e+00 1.0399307821674535e+02 -3.2077803373044148e-03 9.9996544125492804e+01 4.0214365320626513e+00 1.0398639453261089e+02 -3.2720532681295615e-03 9.9996544125490743e+01 4.0214365320626646e+00 1.0398639453261262e+02 -3.2720528706432711e-03 1.0000766264510779e+02 4.0218857786894215e+00 1.0397483062244252e+02 -3.3832654409876482e-03 1.0000766264510436e+02 4.0218857786893816e+00 1.0397483062244565e+02 -3.3832650434880984e-03 1.0002691578932969e+02 4.0226621673119158e+00 1.0395481453577024e+02 -3.5757929319505093e-03 1.0002691578932402e+02 4.0226621673117844e+00 1.0395481453577575e+02 -3.5757925344279537e-03 1.0006026279178552e+02 4.0240053536678202e+00 1.0392016655014676e+02 -3.9091470030543371e-03 1.0006026279177584e+02 4.0240053536675289e+00 1.0392016655015640e+02 -3.9091466054919314e-03 1.0011803363433353e+02 4.0263307671354820e+00 1.0386019872624284e+02 -4.4863702115106449e-03 1.0011803363431694e+02 4.0263307671349118e+00 1.0386019872625964e+02 -4.4863698138792847e-03 1.0021815051682871e+02 4.0303591652477273e+00 1.0375644043624179e+02 -5.4858882945966869e-03 1.0021815051680016e+02 4.0303591652466748e+00 1.0375644043627096e+02 -5.4858878968458936e-03 1.0039175300158713e+02 4.0373428544163659e+00 1.0357701654355306e+02 -7.2166644433585350e-03 1.0039175300153774e+02 4.0373428544144767e+00 1.0357701654360361e+02 -7.2166640454009133e-03 1.0069307997008366e+02 4.0494631027474499e+00 1.0326705633895780e+02 -1.0213706862656213e-02 1.0069307996999808e+02 4.0494631027441041e+00 1.0326705633904515e+02 -1.0213706464340454e-02 1.0121700912094383e+02 4.0705355088986046e+00 1.0273251269414152e+02 -1.5403462594429634e-02 1.0121700912079504e+02 4.0705355088927178e+00 1.0273251269429214e+02 -1.5403462195493744e-02 1.1903865565800128e+01 1.2364421491131424e+02 1.3845794912865682e+02 -2.7072427773712451e+00 1.1903865565815234e+01 1.2364421491147070e+02 1.3845794912848072e+02 -2.7072427766506570e+00 1.1963311416338419e+01 1.2426170533030373e+02 1.3776991609122734e+02 -2.7122244118778376e+00 1.1963311416346471e+01 1.2426170533038699e+02 1.3776991609113409e+02 -2.7122244111566545e+00 1.1994991787656170e+01 1.2459079857354945e+02 1.3740601386734139e+02 -2.7148692816558571e+00 1.1994991787660457e+01 1.2459079857359360e+02 1.3740601386729179e+02 -2.7148692809343582e+00 1.2011844434086807e+01 1.2476587768808454e+02 1.3721319953524392e+02 -2.7162735121679411e+00 1.2011844434089083e+01 1.2476587768810781e+02 1.3721319953521743e+02 -2.7162735114462730e+00 1.2020800223444919e+01 1.2485893286333079e+02 1.3711093911664588e+02 -2.7170190566242298e+00 1.2020800223446127e+01 1.2485893286334296e+02 1.3711093911663161e+02 -2.7170190559024729e+00 1.2025556468987064e+01 1.2490836771037364e+02 1.3705667703628495e+02 -2.7174148880603837e+00 1.2025556468987705e+01 1.2490836771037991e+02 1.3705667703627716e+02 -2.7174148873385797e+00 1.2028081130525887e+01 1.2493462322997554e+02 1.3702787617558420e+02 -2.7176250484666489e+00 1.2028081130526227e+01 1.2493462322997865e+02 1.3702787617557991e+02 -2.7176250477448192e+00 1.2029420455845974e+01 1.2494856669555013e+02 1.3701258688779461e+02 -2.7177366326270280e+00 1.2029420455846152e+01 1.2494856669555161e+02 1.3701258688779220e+02 -2.7177366319051868e+00 1.2030130334253366e+01 1.2495597207646146e+02 1.3700446913104904e+02 -2.7177958826352446e+00 1.2030130334253458e+01 1.2495597207646206e+02 1.3700446913104753e+02 -2.7177958819133963e+00 1.2030506040369104e+01 1.2495990636292701e+02 1.3700015777002420e+02 -2.7178273518898171e+00 1.2030506040369152e+01 1.2495990636292711e+02 1.3700015777002324e+02 -2.7178273511679638e+00 1.2030704425804055e+01 1.2496199875857585e+02 1.3699786594033051e+02 -2.7178440806918260e+00 1.2030704425804080e+01 1.2496199875857570e+02 1.3699786594032980e+02 -2.7178440799699697e+00 1.2030808872491523e+01 1.2496311534431605e+02 1.3699664395103636e+02 -2.7178530004978825e+00 1.2030808872491534e+01 1.2496311534431580e+02 1.3699664395103576e+02 -2.7178529997760261e+00 1.2030877465241524e+01 1.2496387298167666e+02 1.3699581639638529e+02 -2.7178590412053576e+00 1.2030877465241527e+01 1.2496387298167632e+02 1.3699581639638481e+02 -2.7178590404834995e+00 1.2030907048260515e+01 1.2496424452765957e+02 1.3699541339707937e+02 -2.7178619828950858e+00 1.2030907048260513e+01 1.2496424452765922e+02 1.3699541339707901e+02 -2.7178619821732286e+00 1.2030909226270504e+01 1.2496435843021187e+02 1.3699529466282104e+02 -2.7178628495904844e+00 1.2030909226270508e+01 1.2496435843021153e+02 1.3699529466282070e+02 -2.7178628488686272e+00 1.2030898911844968e+01 1.2496438059824297e+02 1.3699527905025465e+02 -2.7178629635442002e+00 1.2030898911844963e+01 1.2496438059824264e+02 1.3699527905025434e+02 -2.7178629628223416e+00 1.2030882631657560e+01 1.2496439396963088e+02 1.3699527665438973e+02 -2.7178629810178974e+00 1.2030882631657553e+01 1.2496439396963056e+02 1.3699527665438939e+02 -2.7178629802960397e+00 1.2030859818038234e+01 1.2496441308883317e+02 1.3699527290416790e+02 -2.7178630083715269e+00 1.2030859818038227e+01 1.2496441308883288e+02 1.3699527290416759e+02 -2.7178630076496688e+00 1.2030828058002692e+01 1.2496443966288982e+02 1.3699526772720938e+02 -2.7178630461309568e+00 1.2030828058002685e+01 1.2496443966288952e+02 1.3699526772720907e+02 -2.7178630454090986e+00 1.2030784386488476e+01 1.2496447621028948e+02 1.3699526060137995e+02 -2.7178630981041954e+00 1.2030784386488467e+01 1.2496447621028918e+02 1.3699526060137967e+02 -2.7178630973823372e+00 1.2030725449355025e+01 1.2496452553148501e+02 1.3699525098579295e+02 -2.7178631682351320e+00 1.2030725449355018e+01 1.2496452553148471e+02 1.3699525098579267e+02 -2.7178631675132738e+00 1.2030648239872718e+01 1.2496459014354704e+02 1.3699523838829842e+02 -2.7178632601108870e+00 1.2030648239872713e+01 1.2496459014354677e+02 1.3699523838829813e+02 -2.7178632593890293e+00 1.2030552028903593e+01 1.2496467065567198e+02 1.3699522268947021e+02 -2.7178633745972860e+00 1.2030552028903585e+01 1.2496467065567171e+02 1.3699522268946995e+02 -2.7178633738754279e+00 1.2030442846365929e+01 1.2496476202025259e+02 1.3699520487150977e+02 -2.7178635045196335e+00 1.2030442846365920e+01 1.2496476202025231e+02 1.3699520487150949e+02 -2.7178635037977754e+00 1.2030343178968520e+01 1.2496484541615493e+02 1.3699518860001550e+02 -2.7178636231201998e+00 1.2030343178968515e+01 1.2496484541615466e+02 1.3699518860001518e+02 -2.7178636223983417e+00 1.2030312001755791e+01 1.2496487148383949e+02 1.3699518349048708e+02 -2.7178636602224930e+00 1.2030312001755783e+01 1.2496487148383916e+02 1.3699518349048680e+02 -2.7178636595006340e+00 1.2030406400607106e+01 1.2496479245463804e+02 1.3699519886013721e+02 -2.7178635478967177e+00 1.2030406400607101e+01 1.2496479245463770e+02 1.3699519886013692e+02 -2.7178635471748582e+00 1.2030544366479496e+01 1.2496467697093131e+02 1.3699522134230205e+02 -2.7178633837277992e+00 1.2030544366479495e+01 1.2496467697093104e+02 1.3699522134230170e+02 -2.7178633830059393e+00 1.2030675215005894e+01 1.2496456744911937e+02 1.3699524266902020e+02 -2.7178632280274013e+00 1.2030675215005886e+01 1.2496456744911909e+02 1.3699524266901992e+02 -2.7178632273055405e+00 1.2030783294151382e+01 1.2496447698710870e+02 1.3699526028613815e+02 -2.7178630994208142e+00 1.2030783294151371e+01 1.2496447698710840e+02 1.3699526028613789e+02 -2.7178630986989520e+00 1.2030866923604119e+01 1.2496440699002387e+02 1.3699527391858331e+02 -2.7178629999072270e+00 1.2030866923604121e+01 1.2496440699002360e+02 1.3699527391858297e+02 -2.7178629991853649e+00 1.2030929335157534e+01 1.2496435475260886e+02 1.3699528409236055e+02 -2.7178629256430686e+00 1.2030929335157532e+01 1.2496435475260854e+02 1.3699528409236024e+02 -2.7178629249212070e+00 1.2030974906399821e+01 1.2496431660938167e+02 1.3699529152212835e+02 -2.7178628714098911e+00 1.2030974906399821e+01 1.2496431660938137e+02 1.3699529152212807e+02 -2.7178628706880290e+00 1.2031007724070372e+01 1.2496428914612432e+02 1.3699529686736588e+02 -2.7178628323930489e+00 1.2031007724070387e+01 1.2496428914612400e+02 1.3699529686736557e+02 -2.7178628316711868e+00 1.2031031140724187e+01 1.2496426951896481e+02 1.3699530071343801e+02 -2.7178628043193567e+00 1.2031031140724199e+01 1.2496426951896449e+02 1.3699530071343773e+02 -2.7178628035974963e+00 1.2031047774714272e+01 1.2496425585236618e+02 1.3699530316198471e+02 -2.7178627864467972e+00 1.2031047774714283e+01 1.2496425585236585e+02 1.3699530316198445e+02 -2.7178627857249369e+00 1.2031058290571790e+01 1.2496423338015974e+02 1.3699531894407158e+02 -2.7178626712456504e+00 1.2031058290571803e+01 1.2496423338015943e+02 1.3699531894407130e+02 -2.7178626705237887e+00 1.2031056154149395e+01 1.2496411842260461e+02 1.3699543873299342e+02 -2.7178617968448453e+00 1.2031056154149407e+01 1.2496411842260427e+02 1.3699543873299311e+02 -2.7178617961229845e+00 1.2031026371003904e+01 1.2496374385431875e+02 1.3699584498092142e+02 -2.7178588314374479e+00 1.2031026371003916e+01 1.2496374385431839e+02 1.3699584498092111e+02 -2.7178588307155871e+00 1.2030957286072589e+01 1.2496298049686261e+02 1.3699667876500442e+02 -2.7178527452563808e+00 1.2030957286072596e+01 1.2496298049686226e+02 1.3699667876500411e+02 -2.7178527445345191e+00 1.2030852106482758e+01 1.2496185590355131e+02 1.3699790950652155e+02 -2.7178437615643669e+00 1.2030852106482762e+01 1.2496185590355090e+02 1.3699790950652127e+02 -2.7178437608425052e+00 1.2030652370942393e+01 1.2495974912127930e+02 1.3700021708540874e+02 -2.7178269178078409e+00 1.2030652370942390e+01 1.2495974912127879e+02 1.3700021708540851e+02 -2.7178269170859797e+00 1.2030274203239657e+01 1.2495578894685201e+02 1.3700455681217315e+02 -2.7177952415222086e+00 1.2030274203239642e+01 1.2495578894685141e+02 1.3700455681217309e+02 -2.7177952408003452e+00 1.2029559868239280e+01 1.2494833702160081e+02 1.3701272559997349e+02 -2.7177356190947632e+00 1.2029559868239247e+01 1.2494833702160001e+02 1.3701272559997363e+02 -2.7177356183728976e+00 1.2028212515099767e+01 1.2493431002471868e+02 1.3702810652545483e+02 -2.7176233662942919e+00 1.2028212515099694e+01 1.2493431002471752e+02 1.3702810652545543e+02 -2.7176233655724240e+00 1.2025673451325698e+01 1.2490790494840036e+02 1.3705707158854457e+02 -2.7174120081818929e+00 1.2025673451325551e+01 1.2490790494839840e+02 1.3705707158854597e+02 -2.7174120074600179e+00 1.2020891464070878e+01 1.2485820309440908e+02 1.3711162721762392e+02 -2.7170140369412392e+00 1.2020891464070598e+01 1.2485820309440572e+02 1.3711162721762688e+02 -2.7170140362193522e+00 1.2011889845313444e+01 1.2476467287123482e+02 1.3721441118446845e+02 -2.7162646806947972e+00 1.2011889845312908e+01 1.2476467287122878e+02 1.3721441118447439e+02 -2.7162646799728893e+00 1.1994955977216161e+01 1.2458875221914744e+02 1.3740815721219880e+02 -2.7148536821512677e+00 1.1994955977215147e+01 1.2458875221913644e+02 1.3740815721221031e+02 -2.7148536814293194e+00 1.1963132493002460e+01 1.2425817667847552e+02 1.3777371468942809e+02 -2.7121968395733171e+00 1.1963132493000540e+01 1.2425817667845513e+02 1.3777371468945003e+02 -2.7121968388512929e+00 1.1903436494504053e+01 1.2363809611144197e+02 1.3846468734933555e+02 -2.7071941130676804e+00 1.1903436494500447e+01 1.2363809611140410e+02 1.3846468734937727e+02 -2.7071941123455141e+00 1.0122711912719417e+02 4.0548179753576647e+00 1.0273288060310655e+02 -1.2265322218005069e-02 1.0122711912722959e+02 4.0548179753590725e+00 1.0273288060307078e+02 -1.2265321419065840e-02 1.0070414406241696e+02 4.0338672395662725e+00 1.0326639439916642e+02 -7.0855589527341247e-03 1.0070414406243734e+02 4.0338672395670780e+00 1.0326639439914568e+02 -7.0855581536473184e-03 1.0040344900757636e+02 4.0218202982085600e+00 1.0357566667129989e+02 -4.0951395824883729e-03 1.0040344900758812e+02 4.0218202982090201e+00 1.0357566667128791e+02 -4.0951387833163362e-03 1.0023025906346673e+02 4.0148807831769320e+00 1.0375464027455487e+02 -2.3686809704711186e-03 1.0023025906347357e+02 4.0148807831771931e+00 1.0375464027454801e+02 -2.3686801712499012e-03 1.0013040833633612e+02 4.0108789895370203e+00 1.0385810816786781e+02 -1.3719416839812386e-03 1.0013040833634011e+02 4.0108789895371677e+00 1.0385810816786390e+02 -1.3719408847316242e-03 1.0007280760478727e+02 4.0085695874802738e+00 1.0391789073133276e+02 -7.9648962664661193e-04 1.0007280760478962e+02 4.0085695874803555e+00 1.0391789073133052e+02 -7.9648882738056937e-04 1.0003956864204427e+02 4.0072360350869980e+00 1.0395242135586386e+02 -4.6425724315886710e-04 1.0003956864204567e+02 4.0072360350870415e+00 1.0395242135586260e+02 -4.6425644388334189e-04 1.0002038405041623e+02 4.0064654530515247e+00 1.0397236319653653e+02 -2.7243940838980057e-04 1.0002038405041706e+02 4.0064654530515478e+00 1.0397236319653585e+02 -2.7243860910882117e-04 1.0000930951845648e+02 4.0060197325936526e+00 1.0398387963423563e+02 -1.6168112607434402e-04 1.0000930951845699e+02 4.0060197325936633e+00 1.0398387963423528e+02 -1.6168032679025337e-04 1.0000291501449598e+02 4.0057614784517375e+00 1.0399053174986453e+02 -9.7710601116364080e-05 1.0000291501449632e+02 4.0057614784517410e+00 1.0399053174986433e+02 -9.7709801830468798e-05 9.9999220265136287e+01 4.0056113677318672e+00 1.0399437702450716e+02 -6.0734118133542694e-05 9.9999220265136529e+01 4.0056113677318663e+00 1.0399437702450709e+02 -6.0733318846663207e-05 9.9996996742360437e+01 4.0055200756171692e+00 1.0399669265200542e+02 -3.8467506581147672e-05 9.9996996742360608e+01 4.0055200756171665e+00 1.0399669265200539e+02 -3.8466707293703018e-05 9.9995468181536594e+01 4.0054558755826015e+00 1.0399828667452749e+02 -2.3139987187162727e-05 9.9995468181536694e+01 4.0054558755825989e+00 1.0399828667452753e+02 -2.3139187899373401e-05 9.9994633477690769e+01 4.0054184741151078e+00 1.0399916053516711e+02 -1.4737362953614332e-05 9.9994633477690854e+01 4.0054184741151042e+00 1.0399916053516716e+02 -1.4736563665550423e-05 9.9994304869513826e+01 4.0054000180681655e+00 1.0399950995905628e+02 -1.1377473052240661e-05 9.9994304869513911e+01 4.0054000180681619e+00 1.0399950995905635e+02 -1.1376673764022663e-05 9.9994229177005707e+01 4.0053899238310224e+00 1.0399959889487755e+02 -1.0522280106714159e-05 9.9994229177005792e+01 4.0053899238310189e+00 1.0399959889487762e+02 -1.0521480818493710e-05 9.9994230562843768e+01 4.0053805599897565e+00 1.0399961107030988e+02 -1.0405147908739323e-05 9.9994230562843867e+01 4.0053805599897538e+00 1.0399961107030995e+02 -1.0404348620513736e-05 9.9994245297332228e+01 4.0053685928382157e+00 1.0399961389377728e+02 -1.0377899558401744e-05 9.9994245297332313e+01 4.0053685928382139e+00 1.0399961389377735e+02 -1.0377100270128891e-05 9.9994264962415059e+01 4.0053526500035384e+00 1.0399961761144351e+02 -1.0341985865671192e-05 9.9994264962415158e+01 4.0053526500035366e+00 1.0399961761144358e+02 -1.0341186577450304e-05 9.9994291130569678e+01 4.0053314257748429e+00 1.0399962255600792e+02 -1.0294158816054795e-05 9.9994291130569778e+01 4.0053314257748402e+00 1.0399962255600798e+02 -1.0293359527767498e-05 9.9994325915741044e+01 4.0053032013562611e+00 1.0399962911664832e+02 -1.0230590372428972e-05 9.9994325915741143e+01 4.0053032013562566e+00 1.0399962911664842e+02 -1.0229791083783329e-05 9.9994372081526791e+01 4.0052657220632000e+00 1.0399963780316335e+02 -1.0146227468125721e-05 9.9994372081526890e+01 4.0052657220631955e+00 1.0399963780316341e+02 -1.0145428179462821e-05 9.9994433221957294e+01 4.0052160488446704e+00 1.0399964927037068e+02 -1.0034507581206494e-05 9.9994433221957365e+01 4.0052160488446651e+00 1.0399964927037078e+02 -1.0033708292173800e-05 9.9994513966047506e+01 4.0051503827978872e+00 1.0399966434841531e+02 -9.8869796506778432e-06 9.9994513966047592e+01 4.0051503827978818e+00 1.0399966434841542e+02 -9.8861803616378291e-06 9.9994620198564832e+01 4.0050638701470813e+00 1.0399968406828189e+02 -9.6929051415286094e-06 9.9994620198564931e+01 4.0050638701470787e+00 1.0399968406828199e+02 -9.6921058525205657e-06 9.9994759264906662e+01 4.0049504078623057e+00 1.0399970967233952e+02 -9.4388889548153411e-06 9.9994759264906762e+01 4.0049504078623022e+00 1.0399970967233963e+02 -9.4380896656306046e-06 9.9994940096494929e+01 4.0048024929832611e+00 1.0399974258904966e+02 -9.1086600654108068e-06 9.9994940096495043e+01 4.0048024929832566e+00 1.0399974258904976e+02 -9.1078607755546441e-06 9.9995173139825567e+01 4.0046111962703312e+00 1.0399978433566899e+02 -8.6832178595572408e-06 9.9995173139825681e+01 4.0046111962703259e+00 1.0399978433566909e+02 -8.6824185691298341e-06 9.9995469892088224e+01 4.0043663980713973e+00 1.0399983628973555e+02 -8.1417088105038219e-06 9.9995469892088309e+01 4.0043663980713911e+00 1.0399983628973564e+02 -8.1409095194605104e-06 9.9995841737109586e+01 4.0040575037226525e+00 1.0399989924041310e+02 -7.4635993250185907e-06 9.9995841737109700e+01 4.0040575037226471e+00 1.0399989924041319e+02 -7.4628000329541623e-06 9.9996297652629522e+01 4.0036749514248031e+00 1.0399997260364366e+02 -6.6329357205252846e-06 9.9996297652629636e+01 4.0036749514247960e+00 1.0399997260364380e+02 -6.6321364265800052e-06 9.9996840283478491e+01 4.0032129111910493e+00 1.0400005319427333e+02 -5.6456172771548407e-06 9.9996840283478690e+01 4.0032129111910431e+00 1.0400005319427348e+02 -5.6448179810122816e-06 9.9997460011548824e+01 4.0026735777115494e+00 1.0400013358888816e+02 -4.5203363442381021e-06 9.9997460011548966e+01 4.0026735777115450e+00 1.0400013358888829e+02 -4.5195370457617690e-06 9.9998127406676659e+01 4.0020732021541781e+00 1.0400020060849702e+02 -3.3123927290139765e-06 9.9998127406676787e+01 4.0020732021541736e+00 1.0400020060849711e+02 -3.3115934283363988e-06 9.9998786648086693e+01 4.0014490314759064e+00 1.0400023567928662e+02 -2.1253973827111600e-06 9.9998786648086892e+01 4.0014490314758993e+00 1.0400023567928680e+02 -2.1245980802412674e-06 9.9999357222158665e+01 4.0008636086858012e+00 1.0400022083064697e+02 -1.1070408252754953e-06 9.9999357222158778e+01 4.0008636086858109e+00 1.0400022083064709e+02 -1.1062415238361842e-06 9.9999756867274442e+01 4.0003972548184290e+00 1.0400015412198425e+02 -4.0495497224071005e-07 9.9999756867274087e+01 4.0003972548184601e+00 1.0400015412198397e+02 -4.0415567843715930e-07 9.9999952175592483e+01 4.0001148127581203e+00 1.0400006698831524e+02 -7.2687853038786160e-08 9.9999952175592114e+01 4.0001148127581434e+00 1.0400006698831484e+02 -7.1888538538505982e-08 9.9999999878831218e+01 4.0000109136390973e+00 1.0400001079246785e+02 1.5232092871086649e-09 9.9999999878831289e+01 4.0000109136391275e+00 1.0400001079246795e+02 2.3225641703593149e-09 1.0000000030004759e+02 3.9999988216277376e+00 1.0399999912167588e+02 -4.4037467618035829e-11 1.0000000030004739e+02 3.9999988216277478e+00 1.0399999912167571e+02 7.5545092883577060e-10 9.9999999935937609e+01 4.0000001301867831e+00 1.0400000006612431e+02 -5.0809318621842326e-10 9.9999999935937510e+01 4.0000001301867387e+00 1.0400000006612417e+02 2.9168274861022875e-10 1.0000000001230177e+02 3.9999999834536237e+00 1.0399999999575539e+02 -3.8550115383550939e-10 1.0000000001230202e+02 3.9999999834536175e+00 1.0399999999575566e+02 4.1445502446953383e-10 9.9999999997645503e+01 4.0000000023967850e+00 1.0400000000004226e+02 -4.1117759305159800e-10 9.9999999997644821e+01 4.0000000023968321e+00 1.0400000000004167e+02 3.8934608877286191e-10 1.0000000000045476e+02 3.9999999996145665e+00 1.0400000000006933e+02 -4.0670820742745963e-10 1.0000000000045468e+02 3.9999999996145865e+00 1.0400000000006922e+02 3.9463386591909166e-10 9.9999999999911424e+01 4.0000000000668372e+00 1.0399999999997827e+02 -4.0845692066711484e-10 9.9999999999911623e+01 4.0000000000668656e+00 1.0399999999997847e+02 3.9448286041641961e-10 1.0000000000001727e+02 3.9999999999877986e+00 1.0400000000000504e+02 -4.0980237297760503e-10 1.0000000000001727e+02 3.9999999999878186e+00 1.0400000000000512e+02 3.9598047047471708e-10 9.9999999999996632e+01 4.0000000000022711e+00 1.0399999999999891e+02 -4.0870087950775225e-10 9.9999999999996461e+01 4.0000000000022933e+00 1.0399999999999876e+02 3.9651222606743697e-10 1.0000000000000090e+02 3.9999999999996061e+00 1.0400000000000051e+02 -4.0640277614913535e-10 1.0000000000000017e+02 3.9999999999995146e+00 1.0399999999999969e+02 3.9654163302048364e-10 1.0000000000000040e+02 4.0000000000000817e+00 1.0400000000000047e+02 -4.0434664357965773e-10 9.9999999999999986e+01 4.0000000000001057e+00 1.0400000000000007e+02 3.9658999246572488e-10 9.9999999999999289e+01 3.9999999999999969e+00 1.0399999999999929e+02 -4.0528621779392437e-10 1.0000000000000024e+02 3.9999999999999383e+00 1.0400000000000020e+02 4.0059267815124425e-10 9.9999999999999247e+01 4.0000000000000258e+00 1.0399999999999930e+02 -4.0204868421352014e-10 1.0000000000000082e+02 4.0000000000000044e+00 1.0400000000000080e+02 3.8904301243069489e-10 1.0000000000000047e+02 3.9999999999999925e+00 1.0400000000000044e+02 -3.8041702710923782e-10 9.9999999999999403e+01 4.0000000000000258e+00 1.0399999999999942e+02 3.4874355849722041e-10 1.0000000000000000e+02 4.0000000000000275e+00 1.0400000000000003e+02 -3.9640319902625341e-10 9.9999999999999957e+01 3.9999999999999734e+00 1.0399999999999993e+02 3.8643785973438894e-10 9.9999999999999872e+01 4.0000000000000284e+00 1.0399999999999990e+02 -3.6372578623971123e-10 1.0000000000000007e+02 3.9999999999999640e+00 1.0400000000000006e+02 3.5724134144997355e-10 9.9999999999999645e+01 3.9999999999999809e+00 1.0399999999999963e+02 -3.2972306931890254e-10 1.0000000000000010e+02 4.0000000000000195e+00 1.0400000000000013e+02 3.1358293577682745e-10 1.0000000000000030e+02 4.0000000000000346e+00 1.0400000000000033e+02 -2.7674746668804183e-10 9.9999999999999943e+01 3.9999999999999627e+00 1.0399999999999991e+02 3.0898514622685678e-10 1.0000000000000018e+02 4.0000000000000266e+00 1.0400000000000017e+02 -1.6827793466817439e-10 1.0000000000000004e+02 3.9999999999999867e+00 1.0400000000000006e+02 1.5469625997436358e-10 9.9999999999999858e+01 4.0000000000000071e+00 1.0399999999999991e+02 -7.0411903452020251e-11 9.9999999999999787e+01 3.9999999999999969e+00 1.0399999999999976e+02 6.5889690588312701e-11 1.0000000000000010e+02 4.0000000000000133e+00 1.0400000000000011e+02 -4.9022663185346969e-11 1.0000000000000010e+02 3.9999999999999791e+00 1.0400000000000010e+02 7.0405988561970898e-11 1.0000000000000000e+02 4.0000000000000000e+00 1.0400000000000000e+02 0.0000000000000000e+00 1.0000000000000000e+02 4.0000000000000000e+00 1.0400000000000000e+02 0.0000000000000000e+00 
unew 1584
1.2030101875278902e+01 1.2496497653697054e+02 1.3699507841718861e+02 -2.7180145350772502e+00 1.2030101875279088e+01 1.2496497653697132e+02 1.3699507841718960e+02 -2.7180145344890994e+00 1.2030180137076062e+01 1.2496491104295998e+02 1.3699509118497525e+02 -2.7180144419496939e+00 1.2030180137076247e+01 1.2496491104296081e+02 1.3699509118497619e+02 -2.7180144413615430e+00 1.2030362747408772e+01 1.2496475822399613e+02 1.3699512097634403e+02 -2.7180142246526966e+00 1.2030362747408956e+01 1.2496475822399694e+02 1.3699512097634502e+02 -2.7180142240645448e+00 1.2030572881134640e+01 1.2496458237177519e+02 1.3699515525784886e+02 -2.7180139746042751e+00 1.2030572881134818e+01 1.2496458237177595e+02 1.3699515525784989e+02 -2.7180139740161229e+00 1.2030772214396912e+01 1.2496441555793788e+02 1.3699518777727383e+02 -2.7180137374078654e+00 1.2030772214397095e+01 1.2496441555793866e+02 1.3699518777727479e+02 -2.7180137368197146e+00 1.2030945063987016e+01 1.2496427090713910e+02 1.3699521597606517e+02 -2.7180135317256839e+00 1.2030945063987202e+01 1.2496427090713991e+02 1.3699521597606613e+02 -2.7180135311375331e+00 1.2031087675446708e+01 1.2496415156136023e+02 1.3699523924174571e+02 -2.7180133620253408e+00 1.2031087675446896e+01 1.2496415156136101e+02 1.3699523924174670e+02 -2.7180133614371895e+00 1.2031201805845948e+01 1.2496405605020354e+02 1.3699525786098914e+02 -2.7180132262160028e+00 1.2031201805846132e+01 1.2496405605020432e+02 1.3699525786099011e+02 -2.7180132256278515e+00 1.2031291345597587e+01 1.2496398111795899e+02 1.3699527246849235e+02 -2.7180131196682979e+00 1.2031291345597767e+01 1.2496398111795973e+02 1.3699527246849334e+02 -2.7180131190801462e+00 1.2031360651501025e+01 1.2496392311859407e+02 1.3699528377504782e+02 -2.7180130371977604e+00 1.2031360651501204e+01 1.2496392311859479e+02 1.3699528377504876e+02 -2.7180130366096091e+00 1.2031413793284949e+01 1.2496387864637857e+02 1.3699529244453902e+02 -2.7180129739620469e+00 1.2031413793285131e+01 1.2496387864637933e+02 1.3699529244453996e+02 -2.7180129733738951e+00 1.2031454269003268e+01 1.2496384477366763e+02 1.3699529904791618e+02 -2.7180129257966485e+00 1.2031454269003447e+01 1.2496384477366838e+02 1.3699529904791709e+02 -2.7180129252084959e+00 1.2031484949272260e+01 1.2496381909951239e+02 1.3699530405209981e+02 -2.7180128892958462e+00 1.2031484949272436e+01 1.2496381909951316e+02 1.3699530405210078e+02 -2.7180128887076940e+00 1.2031508122491768e+01 1.2496379970092440e+02 1.3699530783856855e+02 -2.7180128616770824e+00 1.2031508122491941e+01 1.2496379970092518e+02 1.3699530783856949e+02 -2.7180128610889294e+00 1.2031525585808653e+01 1.2496378513634387e+02 1.3699531063629394e+02 -2.7180128412705749e+00 1.2031525585808827e+01 1.2496378513634465e+02 1.3699531063629490e+02 -2.7180128406824218e+00 1.2031538620663632e+01 1.2496377317768167e+02 1.3699531384363067e+02 -2.7180128178702430e+00 1.2031538620663806e+01 1.2496377317768247e+02 1.3699531384363161e+02 -2.7180128172820903e+00 1.2031546630480277e+01 1.2496374572905340e+02 1.3699533649898765e+02 -2.7180126525058039e+00 1.2031546630480454e+01 1.2496374572905418e+02 1.3699533649898859e+02 -2.7180126519176517e+00 1.2031543489880942e+01 1.2496363011456590e+02 1.3699545766703869e+02 -2.7180117680443390e+00 1.2031543489881120e+01 1.2496363011456668e+02 1.3699545766703963e+02 -2.7180117674561868e+00 1.2031516005540430e+01 1.2496328244422385e+02 1.3699583463206284e+02 -2.7180090163923043e+00 1.2031516005540608e+01 1.2496328244422465e+02 1.3699583463206378e+02 -2.7180090158041512e+00 1.2031449833716069e+01 1.2496254856030581e+02 1.3699663605334925e+02 -2.7180031664448365e+00 1.2031449833716252e+01 1.2496254856030667e+02 1.3699663605335010e+02 -2.7180031658566839e+00 1.2031338840258174e+01 1.2496136085117880e+02 1.3699793580775361e+02 -2.7179936790012276e+00 1.2031338840258366e+01 1.2496136085117973e+02 1.3699793580775440e+02 -2.7179936784130758e+00 1.2031137820383231e+01 1.2495924037019898e+02 1.3700025838519210e+02 -2.7179767257721115e+00 1.2031137820383437e+01 1.2495924037020008e+02 1.3700025838519272e+02 -2.7179767251839602e+00 1.2030757407283566e+01 1.2495525662174971e+02 1.3700462395008071e+02 -2.7179448609054204e+00 1.2030757407283796e+01 1.2495525662175110e+02 1.3700462395008100e+02 -2.7179448603172731e+00 1.2030039116250434e+01 1.2494776353464550e+02 1.3701283788672262e+02 -2.7178849089870742e+00 1.2030039116250718e+01 1.2494776353464741e+02 1.3701283788672237e+02 -2.7178849083989305e+00 1.2028684812450914e+01 1.2493366458914872e+02 1.3702829778456746e+02 -2.7177720799600649e+00 1.2028684812451290e+01 1.2493366458915163e+02 1.3702829778456609e+02 -2.7177720793719291e+00 1.2026133606412468e+01 1.2490713421684654e+02 1.3705740049922605e+02 -2.7175597178121782e+00 1.2026133606413026e+01 1.2490713421685128e+02 1.3705740049922264e+02 -2.7175597172240575e+00 1.2021330555532989e+01 1.2485721546635718e+02 1.3711219476201856e+02 -2.7171600071106909e+00 1.2021330555533883e+01 1.2485721546636543e+02 1.3711219476201131e+02 -2.7171600065225983e+00 1.2012292696442696e+01 1.2476331268873160e+02 1.3721538969394337e+02 -2.7164076589622526e+00 1.2012292696444222e+01 1.2476331268874645e+02 1.3721538969392884e+02 -2.7164076583742136e+00 1.1995297097426853e+01 1.2458675841513053e+02 1.3740983806813111e+02 -2.7149915592653224e+00 1.1995297097429575e+01 1.2458675841515772e+02 1.3740983806810286e+02 -2.7149915586773834e+00 1.1963369797592621e+01 1.2425511904642720e+02 1.3777658557269808e+02 -2.7123261121991944e+00 1.1963369797597572e+01 1.2425511904647759e+02 1.3777658557264397e+02 -2.7123261116114428e+00 1.1903502184707870e+01 1.2363328336495049e+02 1.3846955584533299e+02 -2.7073090648723559e+00 1.1903502184716988e+01 1.2363328336504421e+02 1.3846955584522985e+02 -2.7073090642849560e+00 1.0120817653790212e+02 4.0694370906985080e+00 1.0274252738474611e+02 -1.5305981369966176e-02 1.0120817653781529e+02 4.0694370906951089e+00 1.0274252738483393e+02 -1.5305980971644690e-02 1.0068790410263422e+02 4.0485155646198416e+00 1.0327341989103199e+02 -1.0152086367352813e-02 1.0068790410258428e+02 4.0485155646179258e+00 1.0327341989108290e+02 -1.0152085969393338e-02 1.0038886968996241e+02 4.0364897135438804e+00 1.0358104986643818e+02 -7.1777256954191340e-03 1.0038886968993357e+02 4.0364897135428137e+00 1.0358104986646758e+02 -7.1777252976685923e-03 1.0021669896940324e+02 4.0295648752779920e+00 1.0375900357287708e+02 -5.4611863380869229e-03 1.0021669896938656e+02 4.0295648752774138e+00 1.0375900357289403e+02 -5.4611859404569722e-03 1.0011747248042246e+02 4.0255730234839788e+00 1.0386184223670686e+02 -4.4705473224612730e-03 1.0011747248041280e+02 4.0255730234836795e+00 1.0386184223671664e+02 -4.4705469249009385e-03 1.0006025311490451e+02 4.0232702208148741e+00 1.0392123857549025e+02 -3.8988324797956278e-03 1.0006025311489883e+02 4.0232702208147364e+00 1.0392123857549583e+02 -3.8988320822755111e-03 1.0002724652961624e+02 4.0219409822747449e+00 1.0395553311499731e+02 -3.5688818270971099e-03 1.0002724652961287e+02 4.0219409822747005e+00 1.0395553311500052e+02 -3.5688814296001986e-03 1.0000820316429049e+02 4.0211731879719670e+00 1.0397533114768443e+02 -3.3784528389508724e-03 1.0000820316428850e+02 4.0211731879719768e+00 1.0397533114768622e+02 -3.3784524414673207e-03 9.9997214244153994e+01 4.0207292547995612e+00 1.0398676025095000e+02 -3.2685375871163002e-03 9.9997214244152772e+01 4.0207292547996021e+00 1.0398676025095099e+02 -3.2685371896404645e-03 9.9990871507674214e+01 4.0204721416639986e+00 1.0399335947237790e+02 -3.2050774731202428e-03 9.9990871507673447e+01 4.0204721416640563e+00 1.0399335947237843e+02 -3.2050770756488632e-03 9.9987207977818670e+01 4.0203227594024629e+00 1.0399717279484771e+02 -3.1684092452376727e-03 9.9987207977818173e+01 4.0203227594025304e+00 1.0399717279484800e+02 -3.1684088477688787e-03 9.9985083327524947e+01 4.0202352518117106e+00 1.0399938570992650e+02 -3.1471308668959818e-03 9.9985083327524578e+01 4.0202352518117852e+00 1.0399938570992661e+02 -3.1471304694287304e-03 9.9983507630379322e+01 4.0201689437943289e+00 1.0400102896855664e+02 -3.1313303393523651e-03 9.9983507630379066e+01 4.0201689437944088e+00 1.0400102896855665e+02 -3.1313299418863410e-03 9.9982627479189190e+01 4.0201293673476348e+00 1.0400195055501921e+02 -3.1224690646486620e-03 9.9982627479188992e+01 4.0201293673477165e+00 1.0400195055501914e+02 -3.1224686671834398e-03 9.9982308856351636e+01 4.0201106257249908e+00 1.0400229057237331e+02 -3.1191997430904598e-03 9.9982308856351452e+01 4.0201106257250752e+00 1.0400229057237318e+02 -3.1191993456255642e-03 9.9982258597222142e+01 4.0201002231583596e+00 1.0400235498568742e+02 -3.1185804114401985e-03 9.9982258597221929e+01 4.0201002231584431e+00 1.0400235498568732e+02 -3.1185800139750261e-03 9.9982270520614591e+01 4.0200888918850586e+00 1.0400235968002390e+02 -3.1185352933637838e-03 9.9982270520614392e+01 4.0200888918851430e+00 1.0400235968002379e+02 -3.1185348958989445e-03 9.9982290163770699e+01 4.0200731111549857e+00 1.0400236323456095e+02 -3.1185011422088082e-03 9.9982290163770486e+01 4.0200731111550692e+00 1.0400236323456083e+02 -3.1185007447438015e-03 9.9982317325149793e+01 4.0200510987412548e+00 1.0400236842716289e+02 -3.1184512511657015e-03 9.9982317325149594e+01 4.0200510987413418e+00 1.0400236842716274e+02 -3.1184508537011150e-03 9.9982354890675381e+01 4.0200206823357094e+00 1.0400237556847699e+02 -3.1183826369467686e-03 9.9982354890675168e+01 4.0200206823357929e+00 1.0400237556847686e+02 -3.1183822394817290e-03 9.9982406120103022e+01 4.0199791974339085e+00 1.0400238531454919e+02 -3.1182889960032229e-03 9.9982406120102766e+01 4.0199791974339911e+00 1.0400238531454909e+02 -3.1182885985377765e-03 9.9982474657543193e+01 4.0199236977119712e+00 1.0400239835194682e+02 -3.1181637317811354e-03 9.9982474657542980e+01 4.0199236977120547e+00 1.0400239835194664e+02 -3.1181633343162272e-03 9.9982563717048507e+01 4.0198515795863505e+00 1.0400241529339419e+02 -3.1180009571290758e-03 9.9982563717048222e+01 4.0198515795864340e+00 1.0400241529339405e+02 -3.1180005596637026e-03 9.9982674262733596e+01 4.0197620625147970e+00 1.0400243632199334e+02 -3.1177989126144954e-03 9.9982674262733354e+01 4.0197620625148813e+00 1.0400243632199317e+02 -3.1177985151491475e-03 9.9982801203621662e+01 4.0196592689390700e+00 1.0400246046930869e+02 -3.1175669024775662e-03 9.9982801203621420e+01 4.0196592689391561e+00 1.0400246046930852e+02 -3.1175665050124195e-03 9.9982926052091969e+01 4.0195581695046103e+00 1.0400248421834388e+02 -3.1173387167377311e-03 9.9982926052091727e+01 4.0195581695046956e+00 1.0400248421834370e+02 -3.1173383192724833e-03 9.9983003361554367e+01 4.0194955652996756e+00 1.0400249892360145e+02 -3.1171974182712127e-03 9.9983003361554097e+01 4.0194955652997590e+00 1.0400249892360128e+02 -3.1171970208051752e-03 9.9982976993359287e+01 4.0195169160146831e+00 1.0400249390612133e+02 -3.1172456117881139e-03 9.9982976993359003e+01 4.0195169160147675e+00 1.0400249390612117e+02 -3.1172452143215252e-03 9.9982857670555418e+01 4.0196135384895655e+00 1.0400247120579242e+02 -3.1174636987360070e-03 9.9982857670555163e+01 4.0196135384896490e+00 1.0400247120579225e+02 -3.1174633012691238e-03 9.9982653179075371e+01 4.0197791280604172e+00 1.0400243230388325e+02 -3.1178374487348544e-03 9.9982653179075143e+01 4.0197791280605024e+00 1.0400243230388311e+02 -3.1178370512676065e-03 9.9982369350985806e+01 4.0200089623343711e+00 1.0400237831006777e+02 -3.1183562024834893e-03 9.9982369350985607e+01 4.0200089623344546e+00 1.0400237831006767e+02 -3.1183558050159525e-03 9.9982121817849929e+01 4.0202094067393377e+00 1.0400233122133666e+02 -3.1188086197362114e-03 9.9982121817849702e+01 4.0202094067394221e+00 1.0400233122133653e+02 -3.1188082222686252e-03 9.9981923449664180e+01 4.0203700392470054e+00 1.0400229348565973e+02 -3.1191711779842493e-03 9.9981923449663938e+01 4.0203700392470889e+00 1.0400229348565959e+02 -3.1191707805164346e-03 9.9981771311582207e+01 4.0204932361991874e+00 1.0400226454452508e+02 -3.1194492413217549e-03 9.9981771311581994e+01 4.0204932361992727e+00 1.0400226454452493e+02 -3.1194488438538461e-03 9.9981657586708295e+01 4.0205853273457590e+00 1.0400224291081982e+02 -3.1196570965414667e-03 9.9981657586708081e+01 4.0205853273458434e+00 1.0400224291081972e+02 -3.1196566990734451e-03 9.9981573930495586e+01 4.0206530698488745e+00 1.0400222699700979e+02 -3.1198099958575625e-03 9.9981573930495358e+01 4.0206530698489571e+00 1.0400222699700967e+02 -3.1198095983892464e-03 9.9981513033964688e+01 4.0207023819919145e+00 1.0400221541308996e+02 -3.1199212939907904e-03 9.9981513033964475e+01 4.0207023819919971e+00 1.0400221541308984e+02 -3.1199208965226417e-03 9.9981469016843477e+01 4.0207380267881074e+00 1.0400220703848970e+02 -3.1200017571675768e-03 9.9981469016843263e+01 4.0207380267881909e+00 1.0400220703848957e+02 -3.1200013596995543e-03 9.9981437345239200e+01 4.0207636686810515e+00 1.0400220102081353e+02 -3.1200595750307328e-03 9.9981437345239002e+01 4.0207636686811359e+00 1.0400220102081340e+02 -3.1200591775626782e-03 9.9981414677435680e+01 4.0207820555196232e+00 1.0400219666382696e+02 -3.1201014373176076e-03 9.9981414677435467e+01 4.0207820555197076e+00 1.0400219666382688e+02 -3.1201010398494229e-03 9.9981398084304161e+01 4.0207951932178414e+00 1.0400219394016736e+02 -3.1201276036914539e-03 9.9981398084303976e+01 4.0207951932179267e+00 1.0400219394016725e+02 -3.1201272062235203e-03 9.9981410345779011e+01 4.0208055456275877e+00 1.0400216691328242e+02 -3.1203874563559804e-03 9.9981410345778798e+01 4.0208055456276748e+00 1.0400216691328231e+02 -3.1203870588881171e-03 9.9981608938659335e+01 4.0208205654768880e+00 1.0400195015300319e+02 -3.1224716373046127e-03 9.9981608938659093e+01 4.0208205654769742e+00 1.0400195015300311e+02 -3.1224712398364649e-03 9.9982340878843019e+01 4.0208550142191024e+00 1.0400118152934762e+02 -3.1298621300933794e-03 9.9982340878842678e+01 4.0208550142191850e+00 1.0400118152934759e+02 -3.1298617326242285e-03 9.9983930384216265e+01 4.0209225086574234e+00 1.0399952298954271e+02 -3.1458095685102370e-03 9.9983930384215739e+01 4.0209225086574971e+00 1.0399952298954288e+02 -3.1458091710391107e-03 9.9986403699128658e+01 4.0210245179483168e+00 1.0399694672285513e+02 -3.1705817799970730e-03 9.9986403699127820e+01 4.0210245179483790e+00 1.0399694672285558e+02 -3.1705813825229300e-03 9.9990120230334455e+01 4.0211760849212013e+00 1.0399307821674442e+02 -3.2077807347830256e-03 9.9990120230333162e+01 4.0211760849212457e+00 1.0399307821674535e+02 -3.2077803373044148e-03 9.9996544125492804e+01 4.0214365320626513e+00 1.0398639453261089e+02 -3.2720532681295615e-03 9.9996544125490743e+01 4.0214365320626646e+00 1.0398639453261262e+02 -3.2720528706432711e-03 1.0000766264510779e+02 4.0218857786894215e+00 1.0397483062244252e+02 -3.3832654409876482e-03 1.0000766264510436e+02 4.0218857786893816e+00 1.0397483062244565e+02 -3.3832650434880984e-03 1.0002691578932969e+02 4.0226621673119158e+00 1.0395481453577024e+02 -3.5757929319505093e-03 1.0002691578932402e+02 4.0226621673117844e+00 1.0395481453577575e+02 -3.5757925344279537e-03 1.0006026279178552e+02 4.0240053536678202e+00 1.0392016655014676e+02 -3.9091470030543371e-03 1.0006026279177584e+02 4.0240053536675289e+00 1.0392016655015640e+02 -3.9091466054919314e-03 1.0011803363433353e+02 4.0263307671354820e+00 1.0386019872624284e+02 -4.4863702115106449e-03 1.0011803363431694e+02 4.0263307671349118e+00 1.0386019872625964e+02 -4.4863698138792847e-03 1.0021815051682871e+02 4.0303591652477273e+00 1.0375644043624179e+02 -5.4858882945966869e-03 1.0021815051680016e+02 4.0303591652466748e+00 1.0375644043627096e+02 -5.4858878968458936e-03 1.0039175300158713e+02 4.0373428544163659e+00 1.0357701654355306e+02 -7.2166644433585350e-03 1.0039175300153774e+02 4.0373428544144767e+00 1.0357701654360361e+02 -7.2166640454009133e-03 1.0069307997008366e+02 4.0494631027474499e+00 1.0326705633895780e+02 -1.0213706862656213e-02 1.0069307996999808e+02 4.0494631027441041e+00 1.0326705633904515e+02 -1.0213706464340454e-02 1.0121700912094383e+02 4.0705355088986046e+00 1.0273251269414152e+02 -1.5403462594429634e-02 1.0121700912079504e+02 4.0705355088927178e+00 1.0273251269429214e+02 -1.5403462195493744e-02 1.1903865565800128e+01 1.2364421491131424e+02 1.3845794912865682e+02 -2.7072427773712451e+00 1.1903865565815234e+01 1.2364421491147070e+02 1.3845794912848072e+02 -2.7072427766506570e+00 1.1963311416338419e+01 1.2426170533030373e+02 1.3776991609122734e+02 -2.7122244118778376e+00 1.1963311416346471e+01 1.2426170533038699e+02 1.3776991609113409e+02 -2.7122244111566545e+00 1.1994991787656170e+01 1.2459079857354945e+02 1.3740601386734139e+02 -2.7148692816558571e+00 1.1994991787660457e+01 1.2459079857359360e+02 1.3740601386729179e+02 -2.7148692809343582e+00 1.2011844434086807e+01 1.2476587768808454e+02 1.3721319953524392e+02 -2.7162735121679411e+00 1.2011844434089083e+01 1.2476587768810781e+02 1.3721319953521743e+02 -2.7162735114462730e+00 1.2020800223444919e+01 1.2485893286333079e+02 1.3711093911664588e+02 -2.7170190566242298e+00 1.2020800223446127e+01 1.2485893286334296e+02 1.3711093911663161e+02 -2.7170190559024729e+00 1.2025556468987064e+01 1.2490836771037364e+02 1.3705667703628495e+02 -2.7174148880603837e+00 1.2025556468987705e+01 1.2490836771037991e+02 1.3705667703627716e+02 -2.7174148873385797e+00 1.2028081130525887e+01 1.2493462322997554e+02 1.3702787617558420e+02 -2.7176250484666489e+00 1.2028081130526227e+01 1.2493462322997865e+02 1.3702787617557991e+02 -2.7176250477448192e+00 1.2029420455845974e+01 1.2494856669555013e+02 1.3701258688779461e+02 -2.7177366326270280e+00 1.2029420455846152e+01 1.2494856669555161e+02 1.3701258688779220e+02 -2.7177366319051868e+00 1.2030130334253366e+01 1.2495597207646146e+02 1.3700446913104904e+02 -2.7177958826352446e+00 1.2030130334253458e+01 1.2495597207646206e+02 1.3700446913104753e+02 -2.7177958819133963e+00 1.2030506040369104e+01 1.2495990636292701e+02 1.3700015777002420e+02 -2.7178273518898171e+00 1.2030506040369152e+01 1.2495990636292711e+02 1.3700015777002324e+02 -2.7178273511679638e+00 1.2030704425804055e+01 1.2496199875857585e+02 1.3699786594033051e+02 -2.7178440806918260e+00 1.2030704425804080e+01 1.2496199875857570e+02 1.3699786594032980e+02 -2.7178440799699697e+00 1.2030808872491523e+01 1.2496311534431605e+02 1.3699664395103636e+02 -2.7178530004978825e+00 1.2030808872491534e+01 1.2496311534431580e+02 1.3699664395103576e+02 -2.7178529997760261e+00 1.2030877465241524e+01 1.2496387298167666e+02 1.3699581639638529e+02 -2.7178590412053576e+00 1.2030877465241527e+01 1.2496387298167632e+02 1.3699581639638481e+02 -2.7178590404834995e+00 1.2030907048260515e+01 1.2496424452765957e+02 1.3699541339707937e+02 -2.7178619828950858e+00 1.2030907048260513e+01 1.2496424452765922e+02 1.3699541339707901e+02 -2.7178619821732286e+00 1.2030909226270504e+01 1.2496435843021187e+02 1.3699529466282104e+02 -2.7178628495904844e+00 1.2030909226270508e+01 1.2496435843021153e+02 1.3699529466282070e+02 -2.7178628488686272e+00 1.2030898911844968e+01 1.2496438059824297e+02 1.3699527905025465e+02 -2.7178629635442002e+00 1.2030898911844963e+01 1.2496438059824264e+02 1.3699527905025434e+02 -2.7178629628223416e+00 1.2030882631657560e+01 1.2496439396963088e+02 1.3699527665438973e+02 -2.7178629810178974e+00 1.2030882631657553e+01 1.2496439396963056e+02 1.3699527665438939e+02 -2.7178629802960397e+00 1.2030859818038234e+01 1.2496441308883317e+02 1.3699527290416790e+02 -2.7178630083715269e+00 1.2030859818038227e+01 1.2496441308883288e+02 1.3699527290416759e+02 -2.7178630076496688e+00 1.2030828058002692e+01 1.2496443966288982e+02 1.3699526772720938e+02 -2.7178630461309568e+00 1.2030828058002685e+01 1.2496443966288952e+02 1.3699526772720907e+02 -2.7178630454090986e+00 1.2030784386488476e+01 1.2496447621028948e+02 1.3699526060137995e+02 -2.7178630981041954e+00 1.2030784386488467e+01 1.2496447621028918e+02 1.3699526060137967e+02 -2.7178630973823372e+00 1.2030725449355025e+01 1.2496452553148501e+02 1.3699525098579295e+02 -2.7178631682351320e+00 1.2030725449355018e+01 1.2496452553148471e+02 1.3699525098579267e+02 -2.7178631675132738e+00 1.2030648239872718e+01 1.2496459014354704e+02 1.3699523838829842e+02 -2.7178632601108870e+00 1.2030648239872713e+01 1.2496459014354677e+02 1.3699523838829813e+02 -2.7178632593890293e+00 1.2030552028903593e+01 1.2496467065567198e+02 1.3699522268947021e+02 -2.7178633745972860e+00 1.2030552028903585e+01 1.2496467065567171e+02 1.3699522268946995e+02 -2.7178633738754279e+00 1.2030442846365929e+01 1.2496476202025259e+02 1.3699520487150977e+02 -2.7178635045196335e+00 1.2030442846365920e+01 1.2496476202025231e+02 1.3699520487150949e+02 -2.7178635037977754e+00 1.2030343178968520e+01 1.2496484541615493e+02 1.3699518860001550e+02 -2.7178636231201998e+00 1.2030343178968515e+01 1.2496484541615466e+02 1.3699518860001518e+02 -2.7178636223983417e+00 1.2030312001755791e+01 1.2496487148383949e+02 1.3699518349048708e+02 -2.7178636602224930e+00 1.2030312001755783e+01 1.2496487148383916e+02 1.3699518349048680e+02 -2.7178636595006340e+00 1.2030406400607106e+01 1.2496479245463804e+02 1.3699519886013721e+02 -2.7178635478967177e+00 1.2030406400607101e+01 1.2496479245463770e+02 1.3699519886013692e+02 -2.7178635471748582e+00 1.2030544366479496e+01 1.2496467697093131e+02 1.3699522134230205e+02 -2.7178633837277992e+00 1.2030544366479495e+01 1.2496467697093104e+02 1.3699522134230170e+02 -2.7178633830059393e+00 1.2030675215005894e+01 1.2496456744911937e+02 1.3699524266902020e+02 -2.7178632280274013e+00 1.2030675215005886e+01 1.2496456744911909e+02 1.3699524266901992e+02 -2.7178632273055405e+00 1.2030783294151382e+01 1.2496447698710870e+02 1.3699526028613815e+02 -2.7178630994208142e+00 1.2030783294151371e+01 1.2496447698710840e+02 1.3699526028613789e+02 -2.7178630986989520e+00 1.2030866923604119e+01 1.2496440699002387e+02 1.3699527391858331e+02 -2.7178629999072270e+00 1.2030866923604121e+01 1.2496440699002360e+02 1.3699527391858297e+02 -2.7178629991853649e+00 1.2030929335157534e+01 1.2496435475260886e+02 1.3699528409236055e+02 -2.7178629256430686e+00 1.2030929335157532e+01 1.2496435475260854e+02 1.3699528409236024e+02 -2.7178629249212070e+00 1.2030974906399821e+01 1.2496431660938167e+02 1.3699529152212835e+02 -2.7178628714098911e+00 1.2030974906399821e+01 1.2496431660938137e+02 1.3699529152212807e+02 -2.7178628706880290e+00 1.2031007724070372e+01 1.2496428914612432e+02 1.3699529686736588e+02 -2.7178628323930489e+00 1.2031007724070387e+01 1.2496428914612400e+02 1.3699529686736557e+02 -2.7178628316711868e+00 1.2031031140724187e+01 1.2496426951896481e+02 1.3699530071343801e+02 -2.7178628043193567e+00 1.2031031140724199e+01 1.2496426951896449e+02 1.3699530071343773e+02 -2.7178628035974963e+00 1.2031047774714272e+01 1.2496425585236618e+02 1.3699530316198471e+02 -2.7178627864467972e+00 1.2031047774714283e+01 1.2496425585236585e+02 1.3699530316198445e+02 -2.7178627857249369e+00 1.2031058290571790e+01 1.2496423338015974e+02 1.3699531894407158e+02 -2.7178626712456504e+00 1.2031058290571803e+01 1.2496423338015943e+02 1.3699531894407130e+02 -2.7178626705237887e+00 1.2031056154149395e+01 1.2496411842260461e+02 1.3699543873299342e+02 -2.7178617968448453e+00 1.2031056154149407e+01 1.2496411842260427e+02 1.3699543873299311e+02 -2.7178617961229845e+00 1.2031026371003904e+01 1.2496374385431875e+02 1.3699584498092142e+02 -2.7178588314374479e+00 1.2031026371003916e+01 1.2496374385431839e+02 1.3699584498092111e+02 -2.7178588307155871e+00 1.2030957286072589e+01 1.2496298049686261e+02 1.3699667876500442e+02 -2.7178527452563808e+00 1.2030957286072596e+01 1.2496298049686226e+02 1.3699667876500411e+02 -2.7178527445345191e+00 1.2030852106482758e+01 1.2496185590355131e+02 1.3699790950652155e+02 -2.7178437615643669e+00 1.2030852106482762e+01 1.2496185590355090e+02 1.3699790950652127e+02 -2.7178437608425052e+00 1.2030652370942393e+01 1.2495974912127930e+02 1.3700021708540874e+02 -2.7178269178078409e+00 1.2030652370942390e+01 1.2495974912127879e+02 1.3700021708540851e+02 -2.7178269170859797e+00 1.2030274203239657e+01 1.2495578894685201e+02 1.3700455681217315e+02 -2.7177952415222086e+00 1.2030274203239642e+01 1.2495578894685141e+02 1.3700455681217309e+02 -2.7177952408003452e+00 1.2029559868239280e+01 1.2494833702160081e+02 1.3701272559997349e+02 -2.7177356190947632e+00 1.2029559868239247e+01 1.2494833702160001e+02 1.3701272559997363e+02 -2.7177356183728976e+00 1.2028212515099767e+01 1.2493431002471868e+02 1.3702810652545483e+02 -2.7176233662942919e+00 1.2028212515099694e+01 1.2493431002471752e+02 1.3702810652545543e+02 -2.7176233655724240e+00 1.2025673451325698e+01 1.2490790494840036e+02 1.3705707158854457e+02 -2.7174120081818929e+00 1.2025673451325551e+01 1.2490790494839840e+02 1.3705707158854597e+02 -2.7174120074600179e+00 1.2020891464070878e+01 1.2485820309440908e+02 1.3711162721762392e+02 -2.7170140369412392e+00 1.2020891464070598e+01 1.2485820309440572e+02 1.3711162721762688e+02 -2.7170140362193522e+00 1.2011889845313444e+01 1.2476467287123482e+02 1.3721441118446845e+02 -2.7162646806947972e+00 1.2011889845312908e+01 1.2476467287122878e+02 1.3721441118447439e+02 -2.7162646799728893e+00 1.1994955977216161e+01 1.2458875221914744e+02 1.3740815721219880e+02 -2.7148536821512677e+00 1.1994955977215147e+01 1.2458875221913644e+02 1.3740815721221031e+02 -2.7148536814293194e+00 1.1963132493002460e+01 1.2425817667847552e+02 1.3777371468942809e+02 -2.7121968395733171e+00 1.1963132493000540e+01 1.2425817667845513e+02 1.3777371468945003e+02 -2.7121968388512929e+00 1.1903436494504053e+01 1.2363809611144197e+02 1.3846468734933555e+02 -2.7071941130676804e+00 1.1903436494500447e+01 1.2363809611140410e+02 1.3846468734937727e+02 -2.7071941123455141e+00 1.0122711912719417e+02 4.0548179753576647e+00 1.0273288060310655e+02 -1.2265322218005069e-02 1.0122711912722959e+02 4.0548179753590725e+00 1.0273288060307078e+02 -1.2265321419065840e-02 1.0070414406241696e+02 4.0338672395662725e+00 1.0326639439916642e+02 -7.0855589527341247e-03 1.0070414406243734e+02 4.0338672395670780e+00 1.0326639439914568e+02 -7.0855581536473184e-03 1.0040344900757636e+02 4.0218202982085600e+00 1.0357566667129989e+02 -4.0951395824883729e-03 1.0040344900758812e+02 4.0218202982090201e+00 1.0357566667128791e+02 -4.0951387833163362e-03 1.0023025906346673e+02 4.0148807831769320e+00 1.0375464027455487e+02 -2.3686809704711186e-03 1.0023025906347357e+02 4.0148807831771931e+00 1.0375464027454801e+02 -2.3686801712499012e-03 1.0013040833633612e+02 4.0108789895370203e+00 1.0385810816786781e+02 -1.3719416839812386e-03 1.0013040833634011e+02 4.0108789895371677e+00 1.0385810816786390e+02 -1.3719408847316242e-03 1.0007280760478727e+02 4.0085695874802738e+00 1.0391789073133276e+02 -7.9648962664661193e-04 1.0007280760478962e+02 4.0085695874803555e+00 1.0391789073133052e+02 -7.9648882738056937e-04 1.0003956864204427e+02 4.0072360350869980e+00 1.0395242135586386e+02 -4.6425724315886710e-04 1.0003956864204567e+02 4.0072360350870415e+00 1.0395242135586260e+02 -4.6425644388334189e-04 1.0002038405041623e+02 4.0064654530515247e+00 1.0397236319653653e+02 -2.7243940838980057e-04 1.0002038405041706e+02 4.0064654530515478e+00 1.0397236319653585e+02 -2.7243860910882117e-04 1.0000930951845648e+02 4.0060197325936526e+00 1.0398387963423563e+02 -1.6168112607434402e-04 1.0000930951845699e+02 4.0060197325936633e+00 1.0398387963423528e+02 -1.6168032679025337e-04 1.0000291501449598e+02 4.0057614784517375e+00 1.0399053174986453e+02 -9.7710601116364080e-05 1.0000291501449632e+02 4.0057614784517410e+00 1.0399053174986433e+02 -9.7709801830468798e-05 9.9999220265136287e+01 4.0056113677318672e+00 1.0399437702450716e+02 -6.0734118133542694e-05 9.9999220265136529e+01 4.0056113677318663e+00 1.0399437702450709e+02 -6.0733318846663207e-05 9.9996996742360437e+01 4.0055200756171692e+00 1.0399669265200542e+02 -3.8467506581147672e-05 9.9996996742360608e+01 4.0055200756171665e+00 1.0399669265200539e+02 -3.8466707293703018e-05 9.9995468181536594e+01 4.0054558755826015e+00 1.0399828667452749e+02 -2.3139987187162727e-05 9.9995468181536694e+01 4.0054558755825989e+00 1.0399828667452753e+02 -2.3139187899373401e-05 9.9994633477690769e+01 4.0054184741151078e+00 1.0399916053516711e+02 -1.4737362953614332e-05 9.9994633477690854e+01 4.0054184741151042e+00 1.0399916053516716e+02 -1.4736563665550423e-05 9.9994304869513826e+01 4.0054000180681655e+00 1.0399950995905628e+02 -1.1377473052240661e-05 9.9994304869513911e+01 4.0054000180681619e+00 1.0399950995905635e+02 -1.1376673764022663e-05 9.9994229177005707e+01 4.0053899238310224e+00 1.0399959889487755e+02 -1.0522280106714159e-05 9.9994229177005792e+01 4.0053899238310189e+00 1.0399959889487762e+02 -1.0521480818493710e-05 9.9994230562843768e+01 4.0053805599897565e+00 1.0399961107030988e+02 -1.0405147908739323e-05 9.9994230562843867e+01 4.0053805599897538e+00 1.0399961107030995e+02 -1.0404348620513736e-05 9.9994245297332228e+01 4.0053685928382157e+00 1.0399961389377728e+02 -1.0377899558401744e-05 9.9994245297332313e+01 4.0053685928382139e+00 1.0399961389377735e+02 -1.0377100270128891e-05 9.9994264962415059e+01 4.0053526500035384e+00 1.0399961761144351e+02 -1.0341985865671192e-05 9.9994264962415158e+01 4.0053526500035366e+00 1.0399961761144358e+02 -1.0341186577450304e-05 9.9994291130569678e+01 4.0053314257748429e+00 1.0399962255600792e+02 -1.0294158816054795e-05 9.9994291130569778e+01 4.0053314257748402e+00 1.0399962255600798e+02 -1.0293359527767498e-05 9.9994325915741044e+01 4.0053032013562611e+00 1.0399962911664832e+02 -1.0230590372428972e-05 9.9994325915741143e+01 4.0053032013562566e+00 1.0399962911664842e+02 -1.0229791083783329e-05 9.9994372081526791e+01 4.0052657220632000e+00 1.0399963780316335e+02 -1.0146227468125721e-05 9.9994372081526890e+01 4.0052657220631955e+00 1.0399963780316341e+02 -1.0145428179462821e-05 9.9994433221957294e+01 4.0052160488446704e+00 1.0399964927037068e+02 -1.0034507581206494e-05 9.9994433221957365e+01 4.0052160488446651e+00 1.0399964927037078e+02 -1.0033708292173800e-05 9.9994513966047506e+01 4.0051503827978872e+00 1.0399966434841531e+02 -9.8869796506778432e-06 9.9994513966047592e+01 4.0051503827978818e+00 1.0399966434841542e+02 -9.8861803616378291e-06 9.9994620198564832e+01 4.0050638701470813e+00 1.0399968406828189e+02 -9.6929051415286094e-06 9.9994620198564931e+01 4.0050638701470787e+00 1.0399968406828199e+02 -9.6921058525205657e-06 9.9994759264906662e+01 4.0049504078623057e+00 1.0399970967233952e+02 -9.4388889548153411e-06 9.9994759264906762e+01 4.0049504078623022e+00 1.0399970967233963e+02 -9.4380896656306046e-06 9.9994940096494929e+01 4.0048024929832611e+00 1.0399974258904966e+02 -9.1086600654108068e-06 9.9994940096495043e+01 4.0048024929832566e+00 1.0399974258904976e+02 -9.1078607755546441e-06 9.9995173139825567e+01 4.0046111962703312e+00 1.0399978433566899e+02 -8.6832178595572408e-06 9.9995173139825681e+01 4.0046111962703259e+00 1.0399978433566909e+02 -8.6824185691298341e-06 9.9995469892088224e+01 4.0043663980713973e+00 1.0399983628973555e+02 -8.1417088105038219e-06 9.9995469892088309e+01 4.0043663980713911e+00 1.0399983628973564e+02 -8.1409095194605104e-06 9.9995841737109586e+01 4.0040575037226525e+00 1.0399989924041310e+02 -7.4635993250185907e-06 9.9995841737109700e+01 4.0040575037226471e+00 1.0399989924041319e+02 -7.4628000329541623e-06 9.9996297652629522e+01 4.0036749514248031e+00 1.0399997260364366e+02 -6.6329357205252846e-06 9.9996297652629636e+01 4.0036749514247960e+00 1.0399997260364380e+02 -6.6321364265800052e-06 9.9996840283478491e+01 4.0032129111910493e+00 1.0400005319427333e+02 -5.6456172771548407e-06 9.9996840283478690e+01 4.0032129111910431e+00 1.0400005319427348e+02 -5.6448179810122816e-06 9.9997460011548824e+01 4.0026735777115494e+00 1.0400013358888816e+02 -4.5203363442381021e-06 9.9997460011548966e+01 4.0026735777115450e+00 1.0400013358888829e+02 -4.5195370457617690e-06 9.9998127406676659e+01 4.0020732021541781e+00 1.0400020060849702e+02 -3.3123927290139765e-06 9.9998127406676787e+01 4.0020732021541736e+00 1.0400020060849711e+02 -3.3115934283363988e-06 9.9998786648086693e+01 4.0014490314759064e+00 1.0400023567928662e+02 -2.1253973827111600e-06 9.9998786648086892e+01 4.0014490314758993e+00 1.0400023567928680e+02 -2.1245980802412674e-06 9.9999357222158665e+01 4.0008636086858012e+00 1.0400022083064697e+02 -1.1070408252754953e-06 9.9999357222158778e+01 4.0008636086858109e+00 1.0400022083064709e+02 -1.1062415238361842e-06 9.9999756867274442e+01 4.0003972548184290e+00 1.0400015412198425e+02 -4.0495497224071005e-07 9.9999756867274087e+01 4.0003972548184601e+00 1.0400015412198397e+02 -4.0415567843715930e-07 9.9999952175592483e+01 4.0001148127581203e+00 1.0400006698831524e+02 -7.2687853038786160e-08 9.9999952175592114e+01 4.0001148127581434e+00 1.0400006698831484e+02 -7.1888538538505982e-08 9.9999999878831218e+01 4.0000109136390973e+00 1.0400001079246785e+02 1.5232092871086649e-09 9.9999999878831289e+01 4.0000109136391275e+00 1.0400001079246795e+02 2.3225641703593149e-09 1.0000000030004759e+02 3.9999988216277376e+00 1.0399999912167588e+02 -4.4037467618035829e-11 1.0000000030004739e+02 3.9999988216277478e+00 1.0399999912167571e+02 7.5545092883577060e-10 9.9999999935937609e+01 4.0000001301867831e+00 1.0400000006612431e+02 -5.0809318621842326e-10 9.9999999935937510e+01 4.0000001301867387e+00 1.0400000006612417e+02 2.9168274861022875e-10 1.0000000001230177e+02 3.9999999834536237e+00 1.0399999999575539e+02 -3.8550115383550939e-10 1.0000000001230202e+02 3.9999999834536175e+00 1.0399999999575566e+02 4.1445502446953383e-10 9.9999999997645503e+01 4.0000000023967850e+00 1.0400000000004226e+02 -4.1117759305159800e-10 9.9999999997644821e+01 4.0000000023968321e+00 1.0400000000004167e+02 3.8934608877286191e-10 1.0000000000045476e+02 3.9999999996145665e+00 1.0400000000006933e+02 -4.0670820742745963e-10 1.0000000000045468e+02 3.9999999996145865e+00 1.0400000000006922e+02 3.9463386591909166e-10 9.9999999999911424e+01 4.0000000000668372e+00 1.0399999999997827e+02 -4.0845692066711484e-10 9.9999999999911623e+01 4.0000000000668656e+00 1.0399999999997847e+02 3.9448286041641961e-10 1.0000000000001727e+02 3.9999999999877986e+00 1.0400000000000504e+02 -4.0980237297760503e-10 1.0000000000001727e+02 3.9999999999878186e+00 1.0400000000000512e+02 3.9598047047471708e-10 9.9999999999996632e+01 4.0000000000022711e+00 1.0399999999999891e+02 -4.0870087950775225e-10 9.9999999999996461e+01 4.0000000000022933e+00 1.0399999999999876e+02 3.9651222606743697e-10 1.0000000000000090e+02 3.9999999999996061e+00 1.0400000000000051e+02 -4.0640277614913535e-10 1.0000000000000017e+02 3.9999999999995146e+00 1.0399999999999969e+02 3.9654163302048364e-10 1.0000000000000040e+02 4.0000000000000817e+00 1.0400000000000047e+02 -4.0434664357965773e-10 9.9999999999999986e+01 4.0000000000001057e+00 1.0400000000000007e+02 3.9658999246572488e-10 9.9999999999999289e+01 3.9999999999999969e+00 1.0399999999999929e+02 -4.0528621779392437e-10 1.0000000000000024e+02 3.9999999999999383e+00 1.0400000000000020e+02 4.0059267815124425e-10 9.9999999999999247e+01 4.0000000000000258e+00 1.0399999999999930e+02 -4.0204868421352014e-10 1.0000000000000082e+02 4.0000000000000044e+00 1.0400000000000080e+02 3.8904301243069489e-10 1.0000000000000047e+02 3.9999999999999925e+00 1.0400000000000044e+02 -3.8041702710923782e-10 9.9999999999999403e+01 4.0000000000000258e+00 1.0399999999999942e+02 3.4874355849722041e-10 1.0000000000000000e+02 4.0000000000000275e+00 1.0400000000000003e+02 -3.9640319902625341e-10 9.9999999999999957e+01 3.9999999999999734e+00 1.0399999999999993e+02 3.8643785973438894e-10 9.9999999999999872e+01 4.0000000000000284e+00 1.0399999999999990e+02 -3.6372578623971123e-10 1.0000000000000007e+02 3.9999999999999640e+00 1.0400000000000006e+02 3.5724134144997355e-10 9.9999999999999645e+01 3.9999999999999809e+00 1.0399999999999963e+02 -3.2972306931890254e-10 1.0000000000000010e+02 4.0000000000000195e+00 1.0400000000000013e+02 3.1358293577682745e-10 1.0000000000000030e+02 4.0000000000000346e+00 1.0400000000000033e+02 -2.7674746668804183e-10 9.9999999999999943e+01 3.9999999999999627e+00 1.0399999999999991e+02 3.0898514622685678e-10 1.0000000000000018e+02 4.0000000000000266e+00 1.0400000000000017e+02 -1.6827793466817439e-10 1.0000000000000004e+02 3.9999999999999867e+00 1.0400000000000006e+02 1.5469625997436358e-10 9.9999999999999858e+01 4.0000000000000071e+00 1.0399999999999991e+02 -7.0411903452020251e-11 9.9999999999999787e+01 3.9999999999999969e+00 1.0399999999999976e+02 6.5889690588312701e-11 1.0000000000000010e+02 4.0000000000000133e+00 1.0400000000000011e+02 -4.9022663185346969e-11 1.0000000000000010e+02 3.9999999999999791e+00 1.0400000000000010e+02 7.0405988561970898e-11 1.0000000000000000e+02 4.0000000000000000e+00 1.0400000000000000e+02 0.0000000000000000e+00 1.0000000000000000e+02 4.0000000000000000e+00 1.0400000000000000e+02 0.0000000000000000e+00 
