#elements 99
timestep 100
time 1.0000000000000000e+03
dt 1.0000000000000000e+01
mpi_rank 0
mpi_size 1
#vectors 5
x 2
0.0000000000000000e+00 1.0000000000000000e+07 
y 100
0.0000000000000000e+00 1.0000000000000000e+02 2.0000000000000000e+02 2.7478490459257273e+02 3.3071272414177474e+02 3.7253829063235173e+02 4.0381750062763280e+02 4.2720962797991422e+02 4.4470340810249098e+02 4.5778611487679444e+02 4.6757000465608331e+02 4.7488687729296697e+02 4.8035879351362047e+02 4.8445096083862171e+02 4.8751128426839233e+02 4.8979994422557041e+02 4.9151151639099447e+02 4.9279151400193990e+02 4.9374875899407266e+02 4.9446463374815630e+02 4.9500000000000000e+02 4.9550000000000000e+02 4.9600000000000000e+02 4.9650000000000000e+02 4.9700000000000000e+02 4.9750000000000000e+02 4.9800000000000000e+02 4.9850000000000000e+02 4.9900000000000000e+02 4.9950000000000000e+02 5.0000000000000000e+02 5.0050000000000000e+02 5.0100000000000000e+02 5.0150000000000000e+02 5.0200000000000000e+02 5.0250000000000000e+02 5.0300000000000000e+02 5.0350000000000000e+02 5.0400000000000000e+02 5.0450000000000000e+02 5.0500000000000000e+02 5.0550000000000000e+02 5.0600000000000000e+02 5.0650000000000000e+02 5.0700000000000000e+02 5.0750000000000000e+02 5.0800000000000000e+02 5.0850000000000000e+02 5.0900000000000000e+02 5.0950000000000000e+02 5.1000000000000000e+02 5.1055569274886233e+02 5.1129693081173110e+02 5.1228566760372689e+02 5.1360454273011021e+02 5.1536378908674828e+02 5.1771044623527712e+02 5.2084065011602581e+02 5.2501602628514229e+02 5.3058555683899749e+02 5.3801474868517550e+02 5.4792454107317383e+02 5.6114320431495707e+02 5.7877556744208880e+02 6.0229536091593275e+02 6.3366839248656026e+02 6.7551685136126002e+02 7.3133847338860210e+02 8.0579888530229630e+02 9.0512156244774599e+02 1.0376079930462442e+03 1.2143315248437841e+03 1.4500628865380445e+03 1.7645047399856778e+03 2.1839384482922560e+03 2.7434206983010199e+03 3.4897135733745499e+03 4.4851929748690418e+03 5.8130620620584286e+03 7.5843054550066572e+03 9.9469654395863690e+03 1.3098515489092955e+04 1.7302365293707055e+04 2.2909876804597010e+04 3.0389731415542090e+04 4.0367102820348533e+04 5.3675909652473754e+04 7.1428515234490682e+04 9.5108700011831330e+04 1.2669567739936628e+05 1.6882951840872233e+05 2.2503181141135254e+05 3.0000000000000006e+05 4.0000000000000000e+05 5.0000000000000000e+05 6.0000000000000000e+05 7.0000000000000000e+05 8.0000000000000000e+05 9.0000000000000000e+05 1.0000000000000000e+06 
channelStates 5
1.3000000000000000e-01 8.7000000000000000e-01 5.2932485257249577e-02 5.9612075350846028e-01 3.1767691406069742e-01 
uold 746
1.2030113161788671e+01 1.2496495927661238e+02 1.3699507244334089e+02 -2.7182984975459239e+00 1.2030113161784465e+01 1.2496495927659677e+02 1.3699507244335803e+02 -2.7182984976094904e+00 1.2030191480280950e+01 1.2496489372533129e+02 1.3699508521056123e+02 -2.7182984043521277e+00 1.2030191480279196e+01 1.2496489372534310e+02 1.3699508521054508e+02 -2.7182984044159526e+00 1.2030374223175127e+01 1.2496474077255324e+02 1.3699511500066049e+02 -2.7182981869004226e+00 1.2030374223174320e+01 1.2496474077253932e+02 1.3699511500067197e+02 -2.7182981869640432e+00 1.2030584509898834e+01 1.2496456476600359e+02 1.3699514928084272e+02 -2.7182979366733115e+00 1.2030584509896103e+01 1.2496456476599253e+02 1.3699514928085344e+02 -2.7182979367369509e+00 1.2030783988743474e+01 1.2496439780543854e+02 1.3699518179913861e+02 -2.7182976993068291e+00 1.2030783988743542e+01 1.2496439780545589e+02 1.3699518179912039e+02 -2.7182976993706935e+00 1.2030956964929731e+01 1.2496425302716000e+02 1.3699520999703452e+02 -2.7182974934768351e+00 1.2030956964927933e+01 1.2496425302715409e+02 1.3699520999704222e+02 -2.7182974935405229e+00 1.2031099681087586e+01 1.2496413357602025e+02 1.3699523326204570e+02 -2.7182973236542245e+00 1.2031099681084960e+01 1.2496413357601564e+02 1.3699523326205102e+02 -2.7182973237179384e+00 1.2031213895437917e+01 1.2496403798041834e+02 1.3699525188080619e+02 -2.7182971877467779e+00 1.2031213895436608e+01 1.2496403798042373e+02 1.3699525188079900e+02 -2.7182971878105917e+00 1.2031303501155103e+01 1.2496396298185691e+02 1.3699526648794858e+02 -2.7182970811220493e+00 1.2031303501151429e+01 1.2496396298185195e+02 1.3699526648795342e+02 -2.7182970811857810e+00 1.2031372858177820e+01 1.2496390493111069e+02 1.3699527779424810e+02 -2.7182969985917715e+00 1.2031372858175612e+01 1.2496390493112135e+02 1.3699527779423545e+02 -2.7182969986556347e+00 1.2031426039194914e+01 1.2496386041948274e+02 1.3699528646354128e+02 -2.7182969353102919e+00 1.2031426039190784e+01 1.2496386041946928e+02 1.3699528646355338e+02 -2.7182969353739770e+00 1.2031466544815421e+01 1.2496382651671985e+02 1.3699529306679142e+02 -2.7182968871098772e+00 1.2031466544813565e+01 1.2496382651672749e+02 1.3699529306678178e+02 -2.7182968871737239e+00 1.2031497247763559e+01 1.2496380081978607e+02 1.3699529807087214e+02 -2.7182968505825915e+00 1.2031497247759347e+01 1.2496380081978550e+02 1.3699529807087058e+02 -2.7182968506463809e+00 1.2031520438120715e+01 1.2496378140399024e+02 1.3699530185726150e+02 -2.7182968229438411e+00 1.2031520438115132e+01 1.2496378140397815e+02 1.3699530185727343e+02 -2.7182968230075324e+00 1.2031537914357136e+01 1.2496376682649472e+02 1.3699530465487155e+02 -2.7182968025226848e+00 1.2031537914352528e+01 1.2496376682648616e+02 1.3699530465488061e+02 -2.7182968025863978e+00 1.2031550958810463e+01 1.2496375485686616e+02 1.3699530786349644e+02 -2.7182967791013022e+00 1.2031550958804690e+01 1.2496375485686205e+02 1.3699530786349942e+02 -2.7182967791650601e+00 1.2031558973622415e+01 1.2496372737704992e+02 1.3699533054498613e+02 -2.7182966135373556e+00 1.2031558973617393e+01 1.2496372737705481e+02 1.3699533054497883e+02 -2.7182966136011895e+00 1.2031555825391090e+01 1.2496361162107871e+02 1.3699545186210710e+02 -2.7182957279811562e+00 1.2031555825386899e+01 1.2496361162108887e+02 1.3699545186209585e+02 -2.7182957280450193e+00 1.2031528304071911e+01 1.2496326352034504e+02 1.3699582929447018e+02 -2.7182929729127534e+00 1.2031528304068940e+01 1.2496326352035267e+02 1.3699582929446336e+02 -2.7182929729765837e+00 1.2031462047851852e+01 1.2496252872571318e+02 1.3699663171086726e+02 -2.7182871156976169e+00 1.2031462047849082e+01 1.2496252872571550e+02 1.3699663171086576e+02 -2.7182871157614090e+00 1.2031350914776917e+01 1.2496133954165398e+02 1.3699793307989512e+02 -2.7182776164652029e+00 1.2031350914774176e+01 1.2496133954165677e+02 1.3699793307989330e+02 -2.7182776165289977e+00 1.2031149643419507e+01 1.2495921642667949e+02 1.3700025854311104e+02 -2.7182606421691484e+00 1.2031149643417679e+01 1.2495921642668320e+02 1.3700025854310945e+02 -2.7182606422329418e+00 1.2030768755732753e+01 1.2495522772916540e+02 1.3700462953276326e+02 -2.7182287377044503e+00 1.2030768755730298e+01 1.2495522772916770e+02 1.3700462953276246e+02 -2.7182287377682379e+00 1.2030049569942063e+01 1.2494772533307047e+02 1.3701285367713487e+02 -2.7181687112839992e+00 1.2030049569939878e+01 1.2494772533307281e+02 1.3701285367713530e+02 -2.7181687113477779e+00 1.2028693580580669e+01 1.2493360887278946e+02 1.3702833278947804e+02 -2.7180557420446299e+00 1.2028693580577450e+01 1.2493360887279086e+02 1.3702833278947753e+02 -2.7180557421084166e+00 1.2026139201166636e+01 1.2490704554741721e+02 1.3705747168076144e+02 -2.7178431159962324e+00 1.2026139201162252e+01 1.2490704554742042e+02 1.3705747168075717e+02 -2.7178431160600462e+00 1.2021330179092667e+01 1.2485706481237128e+02 1.3711233407711899e+02 -2.7174429085819480e+00 1.2021330179088048e+01 1.2485706481238131e+02 1.3711233407710674e+02 -2.7174429086458205e+00 1.2012281091953390e+01 1.2476304550267456e+02 1.3721565739916861e+02 -2.7166896255138675e+00 1.2012281091950411e+01 1.2476304550269424e+02 1.3721565739914413e+02 -2.7166896255778283e+00 1.1995264403148306e+01 1.2458627236731263e+02 1.3741034795693690e+02 -2.7152717660911683e+00 1.1995264403147399e+01 1.2458627236734712e+02 1.3741034795689504e+02 -2.7152717661552561e+00 1.1963297567481485e+01 1.2425422273339134e+02 1.3777755317032532e+02 -2.7126030068172633e+00 1.1963297567482668e+01 1.2425422273345697e+02 1.3777755317025083e+02 -2.7126030068815874e+00 1.1903356107307705e+01 1.2363162075964841e+02 1.3847139159924950e+02 -2.7075797250891696e+00 1.1903356107314838e+01 1.2363162075977156e+02 1.3847139159910967e+02 -2.7075797251539626e+00 -2.4368325954001455e+00 -2.4368325954904999e+00 -2.1663558073283848e+00 -2.1663558074442744e+00 -1.8961488215389897e+00 -1.8961488216803897e+00 -1.6262111003094248e+00 -1.6262111004763091e+00 -1.3565421075230950e+00 -1.3565421077154387e+00 -1.0871413086629571e+00 -1.0871413088807351e+00 -8.1800817080516430e-01 -8.1800817104835111e-01 -5.4914216261273907e-01 -5.4914216288130924e-01 -2.8054275432927994e-01 -2.8054275462320855e-01 1.0122394760075471e+02 4.0524973128762598e+00 1.0273824114564775e+02 -1.2209417772699075e-02 1.0122394760063902e+02 4.0524973128715152e+00 1.0273824114576703e+02 -1.2209418091960753e-02 1.0070294739790621e+02 4.0316369745323746e+00 1.0326977468234490e+02 -7.0491009920161428e-03 1.0070294739784021e+02 4.0316369745296399e+00 1.0326977468241444e+02 -7.0491013117651392e-03 1.0040349397713462e+02 4.0196462602629328e+00 1.0357777996992600e+02 -4.0710120068065056e-03 1.0040349397709693e+02 4.0196462602613279e+00 1.0357777996996656e+02 -4.0710123268369669e-03 1.0023108121870419e+02 4.0127416164156102e+00 1.0375595265386002e+02 -2.3523079969640340e-03 1.0023108121868289e+02 4.0127416164146927e+00 1.0375595265388382e+02 -2.3523083171572172e-03 1.0013171463546011e+02 4.0087613741463288e+00 1.0385891884452353e+02 -1.3604119767425299e-03 1.0013171463544829e+02 4.0087613741457906e+00 1.0385891884453758e+02 -1.3604122970296067e-03 1.0007441405644769e+02 4.0064652432107817e+00 1.0391838940699678e+02 -7.8796679169525403e-04 1.0007441405644126e+02 4.0064652432104868e+00 1.0391838940700522e+02 -7.8796711203678858e-04 1.0004136029330816e+02 4.0051398332921080e+00 1.0395272719258006e+02 -4.5759107227957808e-04 1.0004136029330483e+02 4.0051398332919224e+00 1.0395272719258524e+02 -4.5759139265237814e-04 1.0002228939005289e+02 4.0043742276384284e+00 1.0397255054394627e+02 -2.6691342595126034e-04 1.0002228939005128e+02 4.0043742276382810e+00 1.0397255054394961e+02 -2.6691374634180853e-04 1.0001128417866600e+02 4.0039315329698031e+00 1.0398399469421173e+02 -1.5685052397677984e-04 1.0001128417866546e+02 4.0039315329696654e+00 1.0398399469421396e+02 -1.5685084437819748e-04 1.0000493143210664e+02 4.0036751011242631e+00 1.0399060324755669e+02 -9.3298978011976594e-05 1.0000493143210673e+02 4.0036751011241796e+00 1.0399060324755828e+02 -9.3299298419937418e-05 1.0000126111808031e+02 4.0035260621197724e+00 1.0399442301758801e+02 -5.6567772662038920e-05 1.0000126111808072e+02 4.0035260621196889e+00 1.0399442301758918e+02 -5.6568093073875617e-05 9.9998965768958584e+01 4.0034318382997327e+00 1.0399681344845659e+02 -3.3581888086128572e-05 9.9998965768959067e+01 4.0034318382996572e+00 1.0399681344845749e+02 -3.3582208500608798e-05 9.9997446576662171e+01 4.0033679138536282e+00 1.0399839789111820e+02 -1.8346505813794976e-05 9.9997446576662853e+01 4.0033679138535776e+00 1.0399839789111886e+02 -1.8346826230509804e-05 9.9996658059601174e+01 4.0033322126820199e+00 1.0399922394308042e+02 -1.0403598584755207e-05 9.9996658059601927e+01 4.0033322126819986e+00 1.0399922394308102e+02 -1.0403919002279233e-05 9.9996369207321365e+01 4.0033151483246874e+00 1.0399953231490812e+02 -7.4384529468949058e-06 9.9996369207321948e+01 4.0033151483246696e+00 1.0399953231490878e+02 -7.4387733643636077e-06 9.9996310975159801e+01 4.0033055031236984e+00 1.0399960345782094e+02 -6.7543610807274162e-06 9.9996310975160455e+01 4.0033055031236779e+00 1.0399960345782155e+02 -6.7546814992185656e-06 9.9996316067771133e+01 4.0032959914540704e+00 1.0399961221309648e+02 -6.6701388854035394e-06 9.9996316067771701e+01 4.0032959914540873e+00 1.0399961221309707e+02 -6.6704593049465437e-06 9.9996331304405075e+01 4.0032837132144383e+00 1.0399961500390324e+02 -6.6432439444258521e-06 9.9996331304405160e+01 4.0032837132144410e+00 1.0399961500390427e+02 -6.6435643605455660e-06 9.9996351363580573e+01 4.0032674500769412e+00 1.0399961881537557e+02 -6.6064945800981716e-06 9.9996351363581056e+01 4.0032674500769785e+00 1.0399961881537619e+02 -6.6068150014492321e-06 9.9996377868648196e+01 4.0032459662103337e+00 1.0399962383432857e+02 -6.5580655668470200e-06 9.9996377868648722e+01 4.0032459662103852e+00 1.0399962383432906e+02 -6.5583859914157537e-06 9.9996412764107532e+01 4.0032176730957705e+00 1.0399963043707621e+02 -6.4942882301797595e-06 9.9996412764107887e+01 4.0032176730957749e+00 1.0399963043707683e+02 -6.4946086560241359e-06 9.9996458518595063e+01 4.0031805633595514e+00 1.0399963908174756e+02 -6.4106701157365862e-06 9.9996458518595418e+01 4.0031805633595363e+00 1.0399963908174801e+02 -6.4109905463312919e-06 9.9996518189583611e+01 4.0031321443820600e+00 1.0399965033377588e+02 -6.3016227469604956e-06 9.9996518189584151e+01 4.0031321443820849e+00 1.0399965033377596e+02 -6.3019431853678334e-06 9.9996595474311761e+01 4.0030693939173476e+00 1.0399966486803532e+02 -6.1603946083973697e-06 9.9996595474312073e+01 4.0030693939173512e+00 1.0399966486803547e+02 -6.1607150520892969e-06 9.9996694695653261e+01 4.0029887628222038e+00 1.0399968345828299e+02 -5.9790938430079857e-06 9.9996694695653346e+01 4.0029887628222074e+00 1.0399968345828319e+02 -5.9794142938737627e-06 9.9996820679177091e+01 4.0028862606483262e+00 1.0399970693963270e+02 -5.7489167677708632e-06 9.9996820679177091e+01 4.0028862606483662e+00 1.0399970693963279e+02 -5.7492372293195493e-06 9.9996978464722602e+01 4.0027576659156532e+00 1.0399973613044635e+02 -5.4606794428423953e-06 9.9996978464722901e+01 4.0027576659156727e+00 1.0399973613044601e+02 -5.4609999212729783e-06 9.9997172798408684e+01 4.0025988994114110e+00 1.0399977169762909e+02 -5.1057538265176603e-06 9.9997172798408442e+01 4.0025988994114146e+00 1.0399977169762919e+02 -5.1060743153325615e-06 9.9997407370047611e+01 4.0024065804900122e+00 1.0399981395034820e+02 -4.6774737772161973e-06 9.9997407370047767e+01 4.0024065804900291e+00 1.0399981395034781e+02 -4.6777942880563132e-06 9.9997683794980361e+01 4.0021787555827792e+00 1.0399986255037541e+02 -4.1730151630706702e-06 9.9997683794979736e+01 4.0021787555827775e+00 1.0399986255037585e+02 -4.1733356854324595e-06 9.9998000370379174e+01 4.0019157617706078e+00 1.0399991613196710e+02 -3.5956976102081212e-06 9.9998000370379216e+01 4.0019157617706451e+00 1.0399991613196681e+02 -3.5960181651629527e-06 9.9998350641359693e+01 4.0016211941221016e+00 1.0399997183530644e+02 -2.9576439580152710e-06 9.9998350641359949e+01 4.0016211941222046e+00 1.0399997183530579e+02 -2.9579645444151935e-06 9.9998721810136459e+01 4.0013029963778948e+00 1.0400002480634969e+02 -2.2827272417178263e-06 9.9998721810136104e+01 4.0013029963778779e+00 1.0400002480634947e+02 -2.2830478557049767e-06 9.9999093164091391e+01 4.0009747329682881e+00 1.0400006789691351e+02 -1.6094440534513165e-06 9.9999093164091420e+01 4.0009747329683263e+00 1.0400006789691334e+02 -1.6097646967182868e-06 9.9999435378224561e+01 4.0006569062084614e+00 1.0400009228431287e+02 -9.9203996493165928e-07 9.9999435378224675e+01 4.0006569062084374e+00 1.0400009228431261e+02 -9.9236063502423705e-07 9.9999713279424284e+01 4.0003772514767775e+00 1.0400009053081594e+02 -4.9495305319891857e-07 9.9999713279424398e+01 4.0003772514765377e+00 1.0400009053081600e+02 -4.9527375104692119e-07 9.9999896754690511e+01 4.0001666917330843e+00 1.0400006344637801e+02 -1.7192374690348836e-07 9.9999896754690795e+01 4.0001666917332264e+00 1.0400006344637814e+02 -1.7224448091430188e-07 9.9999981163319447e+01 4.0000457120344208e+00 1.0400002687533953e+02 -2.8107828626087163e-08 9.9999981163319418e+01 4.0000457120344777e+00 1.0400002687533970e+02 -2.8428574505494737e-08 1.0000000014685918e+02 4.0000038255986121e+00 1.0400000397245698e+02 1.3172188384401044e-09 1.0000000014685907e+02 4.0000038255986379e+00 1.0400000397245691e+02 9.9645001303850638e-10 1.0000000009320384e+02 3.9999995403382256e+00 1.0399999963354225e+02 3.5822586547602796e-10 1.0000000009320365e+02 3.9999995403382291e+00 1.0399999963354210e+02 3.7459179840602772e-11 9.9999999978133019e+01 4.0000000547192638e+00 1.0400000003285226e+02 2.3162075280707474e-10 9.9999999978132593e+01 4.0000000547192256e+00 1.0400000003285180e+02 -8.9067357436750305e-11 1.0000000000431990e+02 3.9999999925754879e+00 1.0399999999689538e+02 2.7122220082818863e-10 1.0000000000432010e+02 3.9999999925754732e+00 1.0399999999689558e+02 -4.9202965119410625e-11 9.9999999999164984e+01 4.0000000011364545e+00 1.0400000000030145e+02 2.6250468597067593e-10 9.9999999999164288e+01 4.0000000011364545e+00 1.0400000000030073e+02 -5.7601125480918294e-11 1.0000000000016159e+02 3.9999999998094444e+00 1.0399999999997104e+02 2.6405585550065030e-10 1.0000000000016237e+02 3.9999999998094777e+00 1.0399999999997186e+02 -5.5630572769215401e-11 9.9999999999968594e+01 4.0000000000340066e+00 1.0400000000000257e+02 2.6353034574281274e-10 9.9999999999968196e+01 4.0000000000340119e+00 1.0400000000000222e+02 -5.5926930804195958e-11 1.0000000000000591e+02 3.9999999999936877e+00 1.0399999999999960e+02 2.6222193864638583e-10 1.0000000000000637e+02 3.9999999999936717e+00 1.0400000000000003e+02 -5.5019453587039892e-11 9.9999999999998380e+01 4.0000000000011964e+00 1.0399999999999959e+02 2.6003274607787208e-10 9.9999999999998991e+01 4.0000000000012195e+00 1.0400000000000021e+02 -5.3653681302191737e-11 1.0000000000000031e+02 3.9999999999997513e+00 1.0400000000000006e+02 2.5984502469190392e-10 1.0000000000000017e+02 3.9999999999997744e+00 1.0399999999999994e+02 -5.5694322277700188e-11 9.9999999999999943e+01 4.0000000000000311e+00 1.0399999999999997e+02 2.6407184829693321e-10 9.9999999999999886e+01 4.0000000000000648e+00 1.0399999999999996e+02 -6.3112769163143997e-11 1.0000000000000009e+02 3.9999999999999867e+00 1.0400000000000009e+02 2.6891928777813526e-10 1.0000000000000006e+02 3.9999999999999876e+00 1.0400000000000004e+02 -7.3337353380273635e-11 1.0000000000000016e+02 4.0000000000000302e+00 1.0400000000000018e+02 2.7240486272918146e-10 9.9999999999999432e+01 3.9999999999999925e+00 1.0399999999999943e+02 -7.5783795567442355e-11 1.0000000000000017e+02 3.9999999999999893e+00 1.0400000000000016e+02 2.9285809079506422e-10 9.9999999999999986e+01 4.0000000000000098e+00 1.0399999999999999e+02 -9.9850754345081585e-11 9.9999999999999645e+01 4.0000000000000115e+00 1.0399999999999964e+02 3.3245958962630062e-10 1.0000000000000017e+02 3.9999999999999880e+00 1.0400000000000016e+02 -1.4654218911273053e-10 9.9999999999999929e+01 3.9999999999999951e+00 1.0399999999999991e+02 3.4943401785455159e-10 1.0000000000000001e+02 3.9999999999999920e+00 1.0400000000000003e+02 -1.9926542132945620e-10 9.9999999999999645e+01 4.0000000000000169e+00 1.0399999999999966e+02 3.3728993089052536e-10 1.0000000000000023e+02 4.0000000000000000e+00 1.0400000000000024e+02 -2.5108192017057612e-10 1.0000000000000018e+02 3.9999999999999711e+00 1.0400000000000018e+02 2.2427599165871126e-10 9.9999999999999872e+01 3.9999999999999987e+00 1.0399999999999986e+02 -2.0261161095747575e-10 9.9999999999999829e+01 4.0000000000000178e+00 1.0399999999999983e+02 1.3068983203932049e-10 1.0000000000000016e+02 3.9999999999999916e+00 1.0400000000000016e+02 -1.9675873756075307e-10 9.9999999999999901e+01 4.0000000000000142e+00 1.0399999999999991e+02 6.1641265446005711e-11 9.9999999999999886e+01 4.0000000000000027e+00 1.0399999999999989e+02 -1.4377672129678859e-10 1.0000000000000007e+02 3.9999999999999782e+00 1.0400000000000004e+02 2.4686945247859147e-11 9.9999999999999787e+01 4.0000000000000338e+00 1.0399999999999980e+02 -7.3747890931142883e-11 1.0000000000000000e+02 4.0000000000000000e+00 1.0400000000000000e+02 0.0000000000000000e+00 1.0000000000000000e+02 4.0000000000000000e+00 1.0400000000000000e+02 0.0000000000000000e+00 
unew 746
1.2030113161788671e+01 1.2496495927661238e+02 1.3699507244334089e+02 -2.7182984975459239e+00 1.2030113161784465e+01 1.2496495927659677e+02 1.3699507244335803e+02 -2.7182984976094904e+00 1.2030191480280950e+01 1.2496489372533129e+02 1.3699508521056123e+02 -2.7182984043521277e+00 1.2030191480279196e+01 1.2496489372534310e+02 1.3699508521054508e+02 -2.7182984044159526e+00 1.2030374223175127e+01 1.2496474077255324e+02 1.3699511500066049e+02 -2.7182981869004226e+00 1.2030374223174320e+01 1.2496474077253932e+02 1.3699511500067197e+02 -2.7182981869640432e+00 1.2030584509898834e+01 1.2496456476600359e+02 1.3699514928084272e+02 -2.7182979366733115e+00 1.2030584509896103e+01 1.2496456476599253e+02 1.3699514928085344e+02 -2.7182979367369509e+00 1.2030783988743474e+01 1.2496439780543854e+02 1.3699518179913861e+02 -2.7182976993068291e+00 1.2030783988743542e+01 1.2496439780545589e+02 1.3699518179912039e+02 -2.7182976993706935e+00 1.2030956964929731e+01 1.2496425302716000e+02 1.3699520999703452e+02 -2.7182974934768351e+00 1.2030956964927933e+01 1.2496425302715409e+02 1.3699520999704222e+02 -2.7182974935405229e+00 1.2031099681087586e+01 1.2496413357602025e+02 1.3699523326204570e+02 -2.7182973236542245e+00 1.2031099681084960e+01 1.2496413357601564e+02 1.3699523326205102e+02 -2.7182973237179384e+00 1.2031213895437917e+01 1.2496403798041834e+02 1.3699525188080619e+02 -2.7182971877467779e+00 1.2031213895436608e+01 1.2496403798042373e+02 1.3699525188079900e+02 -2.7182971878105917e+00 1.2031303501155103e+01 1.2496396298185691e+02 1.3699526648794858e+02 -2.7182970811220493e+00 1.2031303501151429e+01 1.2496396298185195e+02 1.3699526648795342e+02 -2.7182970811857810e+00 1.2031372858177820e+01 1.2496390493111069e+02 1.3699527779424810e+02 -2.7182969985917715e+00 1.2031372858175612e+01 1.2496390493112135e+02 1.3699527779423545e+02 -2.7182969986556347e+00 1.2031426039194914e+01 1.2496386041948274e+02 1.3699528646354128e+02 -2.7182969353102919e+00 1.2031426039190784e+01 1.2496386041946928e+02 1.3699528646355338e+02 -2.7182969353739770e+00 1.2031466544815421e+01 1.2496382651671985e+02 1.3699529306679142e+02 -2.7182968871098772e+00 1.2031466544813565e+01 1.2496382651672749e+02 1.3699529306678178e+02 -2.7182968871737239e+00 1.2031497247763559e+01 1.2496380081978607e+02 1.3699529807087214e+02 -2.7182968505825915e+00 1.2031497247759347e+01 1.2496380081978550e+02 1.3699529807087058e+02 -2.7182968506463809e+00 1.2031520438120715e+01 1.2496378140399024e+02 1.3699530185726150e+02 -2.7182968229438411e+00 1.2031520438115132e+01 1.2496378140397815e+02 1.3699530185727343e+02 -2.7182968230075324e+00 1.2031537914357136e+01 1.2496376682649472e+02 1.3699530465487155e+02 -2.7182968025226848e+00 1.2031537914352528e+01 1.2496376682648616e+02 1.3699530465488061e+02 -2.7182968025863978e+00 1.2031550958810463e+01 1.2496375485686616e+02 1.3699530786349644e+02 -2.7182967791013022e+00 1.2031550958804690e+01 1.2496375485686205e+02 1.3699530786349942e+02 -2.7182967791650601e+00 1.2031558973622415e+01 1.2496372737704992e+02 1.3699533054498613e+02 -2.7182966135373556e+00 1.2031558973617393e+01 1.2496372737705481e+02 1.3699533054497883e+02 -2.7182966136011895e+00 1.2031555825391090e+01 1.2496361162107871e+02 1.3699545186210710e+02 -2.7182957279811562e+00 1.2031555825386899e+01 1.2496361162108887e+02 1.3699545186209585e+02 -2.7182957280450193e+00 1.2031528304071911e+01 1.2496326352034504e+02 1.3699582929447018e+02 -2.7182929729127534e+00 1.2031528304068940e+01 1.2496326352035267e+02 1.3699582929446336e+02 -2.7182929729765837e+00 1.2031462047851852e+01 1.2496252872571318e+02 1.3699663171086726e+02 -2.7182871156976169e+00 1.2031462047849082e+01 1.2496252872571550e+02 1.3699663171086576e+02 -2.7182871157614090e+00 1.2031350914776917e+01 1.2496133954165398e+02 1.3699793307989512e+02 -2.7182776164652029e+00 1.2031350914774176e+01 1.2496133954165677e+02 1.3699793307989330e+02 -2.7182776165289977e+00 1.2031149643419507e+01 1.2495921642667949e+02 1.3700025854311104e+02 -2.7182606421691484e+00 1.2031149643417679e+01 1.2495921642668320e+02 1.3700025854310945e+02 -2.7182606422329418e+00 1.2030768755732753e+01 1.2495522772916540e+02 1.3700462953276326e+02 -2.7182287377044503e+00 1.2030768755730298e+01 1.2495522772916770e+02 1.3700462953276246e+02 -2.7182287377682379e+00 1.2030049569942063e+01 1.2494772533307047e+02 1.3701285367713487e+02 -2.7181687112839992e+00 1.2030049569939878e+01 1.2494772533307281e+02 1.3701285367713530e+02 -2.7181687113477779e+00 1.2028693580580669e+01 1.2493360887278946e+02 1.3702833278947804e+02 -2.7180557420446299e+00 1.2028693580577450e+01 1.2493360887279086e+02 1.3702833278947753e+02 -2.7180557421084166e+00 1.2026139201166636e+01 1.2490704554741721e+02 1.3705747168076144e+02 -2.7178431159962324e+00 1.2026139201162252e+01 1.2490704554742042e+02 1.3705747168075717e+02 -2.7178431160600462e+00 1.2021330179092667e+01 1.2485706481237128e+02 1.3711233407711899e+02 -2.7174429085819480e+00 1.2021330179088048e+01 1.2485706481238131e+02 1.3711233407710674e+02 -2.7174429086458205e+00 1.2012281091953390e+01 1.2476304550267456e+02 1.3721565739916861e+02 -2.7166896255138675e+00 1.2012281091950411e+01 1.2476304550269424e+02 1.3721565739914413e+02 -2.7166896255778283e+00 1.1995264403148306e+01 1.2458627236731263e+02 1.3741034795693690e+02 -2.7152717660911683e+00 1.1995264403147399e+01 1.2458627236734712e+02 1.3741034795689504e+02 -2.7152717661552561e+00 1.1963297567481485e+01 1.2425422273339134e+02 1.3777755317032532e+02 -2.7126030068172633e+00 1.1963297567482668e+01 1.2425422273345697e+02 1.3777755317025083e+02 -2.7126030068815874e+00 1.1903356107307705e+01 1.2363162075964841e+02 1.3847139159924950e+02 -2.7075797250891696e+00 1.1903356107314838e+01 1.2363162075977156e+02 1.3847139159910967e+02 -2.7075797251539626e+00 -2.4368325954001455e+00 -2.4368325954904999e+00 -2.1663558073283848e+00 -2.1663558074442744e+00 -1.8961488215389897e+00 -1.8961488216803897e+00 -1.6262111003094248e+00 -1.6262111004763091e+00 -1.3565421075230950e+00 -1.3565421077154387e+00 -1.0871413086629571e+00 -1.0871413088807351e+00 -8.1800817080516430e-01 -8.1800817104835111e-01 -5.4914216261273907e-01 -5.4914216288130924e-01 -2.8054275432927994e-01 -2.8054275462320855e-01 1.0122394760075471e+02 4.0524973128762598e+00 1.0273824114564775e+02 -1.2209417772699075e-02 1.0122394760063902e+02 4.0524973128715152e+00 1.0273824114576703e+02 -1.2209418091960753e-02 1.0070294739790621e+02 4.0316369745323746e+00 1.0326977468234490e+02 -7.0491009920161428e-03 1.0070294739784021e+02 4.0316369745296399e+00 1.0326977468241444e+02 -7.0491013117651392e-03 1.0040349397713462e+02 4.0196462602629328e+00 1.0357777996992600e+02 -4.0710120068065056e-03 1.0040349397709693e+02 4.0196462602613279e+00 1.0357777996996656e+02 -4.0710123268369669e-03 1.0023108121870419e+02 4.0127416164156102e+00 1.0375595265386002e+02 -2.3523079969640340e-03 1.0023108121868289e+02 4.0127416164146927e+00 1.0375595265388382e+02 -2.3523083171572172e-03 1.0013171463546011e+02 4.0087613741463288e+00 1.0385891884452353e+02 -1.3604119767425299e-03 1.0013171463544829e+02 4.0087613741457906e+00 1.0385891884453758e+02 -1.3604122970296067e-03 1.0007441405644769e+02 4.0064652432107817e+00 1.0391838940699678e+02 -7.8796679169525403e-04 1.0007441405644126e+02 4.0064652432104868e+00 1.0391838940700522e+02 -7.8796711203678858e-04 1.0004136029330816e+02 4.0051398332921080e+00 1.0395272719258006e+02 -4.5759107227957808e-04 1.0004136029330483e+02 4.0051398332919224e+00 1.0395272719258524e+02 -4.5759139265237814e-04 1.0002228939005289e+02 4.0043742276384284e+00 1.0397255054394627e+02 -2.6691342595126034e-04 1.0002228939005128e+02 4.0043742276382810e+00 1.0397255054394961e+02 -2.6691374634180853e-04 1.0001128417866600e+02 4.0039315329698031e+00 1.0398399469421173e+02 -1.5685052397677984e-04 1.0001128417866546e+02 4.0039315329696654e+00 1.0398399469421396e+02 -1.5685084437819748e-04 1.0000493143210664e+02 4.0036751011242631e+00 1.0399060324755669e+02 -9.3298978011976594e-05 1.0000493143210673e+02 4.0036751011241796e+00 1.0399060324755828e+02 -9.3299298419937418e-05 1.0000126111808031e+02 4.0035260621197724e+00 1.0399442301758801e+02 -5.6567772662038920e-05 1.0000126111808072e+02 4.0035260621196889e+00 1.0399442301758918e+02 -5.6568093073875617e-05 9.9998965768958584e+01 4.0034318382997327e+00 1.0399681344845659e+02 -3.3581888086128572e-05 9.9998965768959067e+01 4.0034318382996572e+00 1.0399681344845749e+02 -3.3582208500608798e-05 9.9997446576662171e+01 4.0033679138536282e+00 1.0399839789111820e+02 -1.8346505813794976e-05 9.9997446576662853e+01 4.0033679138535776e+00 1.0399839789111886e+02 -1.8346826230509804e-05 9.9996658059601174e+01 4.0033322126820199e+00 1.0399922394308042e+02 -1.0403598584755207e-05 9.9996658059601927e+01 4.0033322126819986e+00 1.0399922394308102e+02 -1.0403919002279233e-05 9.9996369207321365e+01 4.0033151483246874e+00 1.0399953231490812e+02 -7.4384529468949058e-06 9.9996369207321948e+01 4.0033151483246696e+00 1.0399953231490878e+02 -7.4387733643636077e-06 9.9996310975159801e+01 4.0033055031236984e+00 1.0399960345782094e+02 -6.7543610807274162e-06 9.9996310975160455e+01 4.0033055031236779e+00 1.0399960345782155e+02 -6.7546814992185656e-06 9.9996316067771133e+01 4.0032959914540704e+00 1.0399961221309648e+02 -6.6701388854035394e-06 9.9996316067771701e+01 4.0032959914540873e+00 1.0399961221309707e+02 -6.6704593049465437e-06 9.9996331304405075e+01 4.0032837132144383e+00 1.0399961500390324e+02 -6.6432439444258521e-06 9.9996331304405160e+01 4.0032837132144410e+00 1.0399961500390427e+02 -6.6435643605455660e-06 9.9996351363580573e+01 4.0032674500769412e+00 1.0399961881537557e+02 -6.6064945800981716e-06 9.9996351363581056e+01 4.0032674500769785e+00 1.0399961881537619e+02 -6.6068150014492321e-06 9.9996377868648196e+01 4.0032459662103337e+00 1.0399962383432857e+02 -6.5580655668470200e-06 9.9996377868648722e+01 4.0032459662103852e+00 1.0399962383432906e+02 -6.5583859914157537e-06 9.9996412764107532e+01 4.0032176730957705e+00 1.0399963043707621e+02 -6.4942882301797595e-06 9.9996412764107887e+01 4.0032176730957749e+00 1.0399963043707683e+02 -6.4946086560241359e-06 9.9996458518595063e+01 4.0031805633595514e+00 1.0399963908174756e+02 -6.4106701157365862e-06 9.9996458518595418e+01 4.0031805633595363e+00 1.0399963908174801e+02 -6.4109905463312919e-06 9.9996518189583611e+01 4.0031321443820600e+00 1.0399965033377588e+02 -6.3016227469604956e-06 9.9996518189584151e+01 4.0031321443820849e+00 1.0399965033377596e+02 -6.3019431853678334e-06 9.9996595474311761e+01 4.0030693939173476e+00 1.0399966486803532e+02 -6.1603946083973697e-06 9.9996595474312073e+01 4.0030693939173512e+00 1.0399966486803547e+02 -6.1607150520892969e-06 9.9996694695653261e+01 4.0029887628222038e+00 1.0399968345828299e+02 -5.9790938430079857e-06 9.9996694695653346e+01 4.0029887628222074e+00 1.0399968345828319e+02 -5.9794142938737627e-06 9.9996820679177091e+01 4.0028862606483262e+00 1.0399970693963270e+02 -5.7489167677708632e-06 9.9996820679177091e+01 4.0028862606483662e+00 1.0399970693963279e+02 -5.7492372293195493e-06 9.9996978464722602e+01 4.0027576659156532e+00 1.0399973613044635e+02 -5.4606794428423953e-06 9.9996978464722901e+01 4.0027576659156727e+00 1.0399973613044601e+02 -5.4609999212729783e-06 9.9997172798408684e+01 4.0025988994114110e+00 1.0399977169762909e+02 -5.1057538265176603e-06 9.9997172798408442e+01 4.0025988994114146e+00 1.0399977169762919e+02 -5.1060743153325615e-06 9.9997407370047611e+01 4.0024065804900122e+00 1.0399981395034820e+02 -4.6774737772161973e-06 9.9997407370047767e+01 4.0024065804900291e+00 1.0399981395034781e+02 -4.6777942880563132e-06 9.9997683794980361e+01 4.0021787555827792e+00 1.0399986255037541e+02 -4.1730151630706702e-06 9.9997683794979736e+01 4.0021787555827775e+00 1.0399986255037585e+02 -4.1733356854324595e-06 9.9998000370379174e+01 4.0019157617706078e+00 1.0399991613196710e+02 -3.5956976102081212e-06 9.9998000370379216e+01 4.0019157617706451e+00 1.0399991613196681e+02 -3.5960181651629527e-06 9.9998350641359693e+01 4.0016211941221016e+00 1.0399997183530644e+02 -2.9576439580152710e-06 9.9998350641359949e+01 4.0016211941222046e+00 1.0399997183530579e+02 -2.9579645444151935e-06 9.9998721810136459e+01 4.0013029963778948e+00 1.0400002480634969e+02 -2.2827272417178263e-06 9.9998721810136104e+01 4.0013029963778779e+00 1.0400002480634947e+02 -2.2830478557049767e-06 9.9999093164091391e+01 4.0009747329682881e+00 1.0400006789691351e+02 -1.6094440534513165e-06 9.9999093164091420e+01 4.0009747329683263e+00 1.0400006789691334e+02 -1.6097646967182868e-06 9.9999435378224561e+01 4.0006569062084614e+00 1.0400009228431287e+02 -9.9203996493165928e-07 9.9999435378224675e+01 4.0006569062084374e+00 1.0400009228431261e+02 -9.9236063502423705e-07 9.9999713279424284e+01 4.0003772514767775e+00 1.0400009053081594e+02 -4.9495305319891857e-07 9.9999713279424398e+01 4.0003772514765377e+00 1.0400009053081600e+02 -4.9527375104692119e-07 9.9999896754690511e+01 4.0001666917330843e+00 1.0400006344637801e+02 -1.7192374690348836e-07 9.9999896754690795e+01 4.0001666917332264e+00 1.0400006344637814e+02 -1.7224448091430188e-07 9.9999981163319447e+01 4.0000457120344208e+00 1.0400002687533953e+02 -2.8107828626087163e-08 9.9999981163319418e+01 4.0000457120344777e+00 1.0400002687533970e+02 -2.8428574505494737e-08 1.0000000014685918e+02 4.0000038255986121e+00 1.0400000397245698e+02 1.3172188384401044e-09 1.0000000014685907e+02 4.0000038255986379e+00 1.0400000397245691e+02 9.9645001303850638e-10 1.0000000009320384e+02 3.9999995403382256e+00 1.0399999963354225e+02 3.5822586547602796e-10 1.0000000009320365e+02 3.9999995403382291e+00 1.0399999963354210e+02 3.7459179840602772e-11 9.9999999978133019e+01 4.0000000547192638e+00 1.0400000003285226e+02 2.3162075280707474e-10 9.9999999978132593e+01 4.0000000547192256e+00 1.0400000003285180e+02 -8.9067357436750305e-11 1.0000000000431990e+02 3.9999999925754879e+00 1.0399999999689538e+02 2.7122220082818863e-10 1.0000000000432010e+02 3.9999999925754732e+00 1.0399999999689558e+02 -4.9202965119410625e-11 9.9999999999164984e+01 4.0000000011364545e+00 1.0400000000030145e+02 2.6250468597067593e-10 9.9999999999164288e+01 4.0000000011364545e+00 1.0400000000030073e+02 -5.7601125480918294e-11 1.0000000000016159e+02 3.9999999998094444e+00 1.0399999999997104e+02 2.6405585550065030e-10 1.0000000000016237e+02 3.9999999998094777e+00 1.0399999999997186e+02 -5.5630572769215401e-11 9.9999999999968594e+01 4.0000000000340066e+00 1.0400000000000257e+02 2.6353034574281274e-10 9.9999999999968196e+01 4.0000000000340119e+00 1.0400000000000222e+02 -5.5926930804195958e-11 1.0000000000000591e+02 3.9999999999936877e+00 1.0399999999999960e+02 2.6222193864638583e-10 1.0000000000000637e+02 3.9999999999936717e+00 1.0400000000000003e+02 -5.5019453587039892e-11 9.9999999999998380e+01 4.0000000000011964e+00 1.0399999999999959e+02 2.6003274607787208e-10 9.9999999999998991e+01 4.0000000000012195e+00 1.0400000000000021e+02 -5.3653681302191737e-11 1.0000000000000031e+02 3.9999999999997513e+00 1.0400000000000006e+02 2.5984502469190392e-10 1.0000000000000017e+02 3.9999999999997744e+00 1.0399999999999994e+02 -5.5694322277700188e-11 9.9999999999999943e+01 4.0000000000000311e+00 1.0399999999999997e+02 2.6407184829693321e-10 9.9999999999999886e+01 4.0000000000000648e+00 1.0399999999999996e+02 -6.3112769163143997e-11 1.0000000000000009e+02 3.9999999999999867e+00 1.0400000000000009e+02 2.6891928777813526e-10 1.0000000000000006e+02 3.9999999999999876e+00 1.0400000000000004e+02 -7.3337353380273635e-11 1.0000000000000016e+02 4.0000000000000302e+00 1.0400000000000018e+02 2.7240486272918146e-10 9.9999999999999432e+01 3.9999999999999925e+00 1.0399999999999943e+02 -7.5783795567442355e-11 1.0000000000000017e+02 3.9999999999999893e+00 1.0400000000000016e+02 2.9285809079506422e-10 9.9999999999999986e+01 4.0000000000000098e+00 1.0399999999999999e+02 -9.9850754345081585e-11 9.9999999999999645e+01 4.0000000000000115e+00 1.0399999999999964e+02 3.3245958962630062e-10 1.0000000000000017e+02 3.9999999999999880e+00 1.0400000000000016e+02 -1.4654218911273053e-10 9.9999999999999929e+01 3.9999999999999951e+00 1.0399999999999991e+02 3.4943401785455159e-10 1.0000000000000001e+02 3.9999999999999920e+00 1.0400000000000003e+02 -1.9926542132945620e-10 9.9999999999999645e+01 4.0000000000000169e+00 1.0399999999999966e+02 3.3728993089052536e-10 1.0000000000000023e+02 4.0000000000000000e+00 1.0400000000000024e+02 -2.5108192017057612e-10 1.0000000000000018e+02 3.9999999999999711e+00 1.0400000000000018e+02 2.2427599165871126e-10 9.9999999999999872e+01 3.9999999999999987e+00 1.0399999999999986e+02 -2.0261161095747575e-10 9.9999999999999829e+01 4.0000000000000178e+00 1.0399999999999983e+02 1.3068983203932049e-10 1.0000000000000016e+02 3.9999999999999916e+00 1.0400000000000016e+02 -1.9675873756075307e-10 9.9999999999999901e+01 4.0000000000000142e+00 1.0399999999999991e+02 6.1641265446005711e-11 9.9999999999999886e+01 4.0000000000000027e+00 1.0399999999999989e+02 -1.4377672129678859e-10 1.0000000000000007e+02 3.9999999999999782e+00 1.0400000000000004e+02 2.4686945247859147e-11 9.9999999999999787e+01 4.0000000000000338e+00 1.0399999999999980e+02 -7.3747890931142883e-11 1.0000000000000000e+02 4.0000000000000000e+00 1.0400000000000000e+02 0.0000000000000000e+00 1.0000000000000000e+02 4.0000000000000000e+00 1.0400000000000000e+02 0.0000000000000000e+00 
