#elements 180
time 1.0000000000000000e+03
dt 1.0000000000000000e+01
#vectors 5
x 2
0.0000000000000000e+00 1.0000000000000000e+07 
y 181
0.0000000000000000e+00 1.0000000000000000e+02 2.0000000000000000e+02 2.7478490459257273e+02 3.3071272414177474e+02 3.7253829063235173e+02 4.0381750062763280e+02 4.2720962797991422e+02 4.4470340810249098e+02 4.5778611487679444e+02 4.6757000465608331e+02 4.7488687729296697e+02 4.8035879351362047e+02 4.8445096083862171e+02 4.8751128426839233e+02 4.8979994422557041e+02 4.9151151639099447e+02 4.9279151400193990e+02 4.9374875899407266e+02 4.9446463374815630e+02 4.9500000000000000e+02 4.9550000000000000e+02 4.9600000000000000e+02 4.9650000000000000e+02 4.9700000000000000e+02 4.9750000000000000e+02 4.9800000000000000e+02 4.9850000000000000e+02 4.9900000000000000e+02 4.9950000000000000e+02 5.0000000000000000e+02 5.0500000000000000e+02 5.0550000000000000e+02 5.0600000000000000e+02 5.0650000000000000e+02 5.0700000000000000e+02 5.0750000000000000e+02 5.0800000000000000e+02 5.0850000000000000e+02 5.0900000000000000e+02 5.0950000000000000e+02 5.1000000000000000e+02 5.1055569274886233e+02 5.1129693081173110e+02 5.1228566760372689e+02 5.1360454273011021e+02 5.1536378908674828e+02 5.1771044623527712e+02 5.2084065011602581e+02 5.2501602628514229e+02 5.3058555683899749e+02 5.3801474868517550e+02 5.4792454107317383e+02 5.6114320431495707e+02 5.7877556744208880e+02 6.0229536091593275e+02 6.3366839248656026e+02 6.7551685136126002e+02 7.3133847338860210e+02 8.0579888530229630e+02 9.0512156244774599e+02 1.0376079930462442e+03 1.2143315248437841e+03 1.4500628865380445e+03 1.7645047399856778e+03 2.1839384482922560e+03 2.7434206983010199e+03 3.4897135733745499e+03 4.4851929748690418e+03 5.8130620620584286e+03 7.5843054550066572e+03 9.9469654395863690e+03 1.3098515489092955e+04 1.7302365293707055e+04 2.2909876804597010e+04 3.0389731415542090e+04 4.0367102820348533e+04 5.3675909652473754e+04 7.1428515234490682e+04 9.5108700011831330e+04 1.2669567739936628e+05 1.6882951840872233e+05 2.2503181141135254e+05 3.0000000000000006e+05 4.0000000000000000e+05 5.0000000000000000e+05 6.0000000000000000e+05 7.0000000000000000e+05 8.0000000000000000e+05 9.0000000000000000e+05 1.0000000000000000e+06 1.1000000000000000e+06 1.2000000000000000e+06 1.3000000000000000e+06 1.4000000000000000e+06 1.5000000000000000e+06 1.6000000000000000e+06 1.7000000000000000e+06 1.8000000000000000e+06 1.9000000000000000e+06 2.0000000000000000e+06 2.1000000000000000e+06 2.2000000000000000e+06 2.3000000000000000e+06 2.4000000000000000e+06 2.5000000000000000e+06 2.6000000000000000e+06 2.7000000000000000e+06 2.8000000000000000e+06 2.9000000000000000e+06 3.0000000000000000e+06 3.1000000000000000e+06 3.2000000000000000e+06 3.3000000000000000e+06 3.4000000000000000e+06 3.5000000000000000e+06 3.6000000000000000e+06 3.7000000000000000e+06 3.8000000000000000e+06 3.9000000000000000e+06 4.0000000000000000e+06 4.1000000000000000e+06 4.2000000000000000e+06 4.3000000000000000e+06 4.4000000000000000e+06 4.5000000000000000e+06 4.6000000000000000e+06 4.7000000000000000e+06 4.8000000000000000e+06 4.9000000000000000e+06 5.0000000000000000e+06 5.1000000000000000e+06 5.2000000000000000e+06 5.3000000000000000e+06 5.4000000000000000e+06 5.5000000000000000e+06 5.6000000000000000e+06 5.7000000000000000e+06 5.8000000000000000e+06 5.9000000000000000e+06 6.0000000000000000e+06 6.1000000000000000e+06 6.2000000000000000e+06 6.3000000000000000e+06 6.4000000000000000e+06 6.5000000000000000e+06 6.6000000000000000e+06 6.7000000000000000e+06 6.8000000000000000e+06 6.9000000000000000e+06 7.0000000000000000e+06 7.1000000000000000e+06 7.2000000000000000e+06 7.3000000000000000e+06 7.4000000000000000e+06 7.5000000000000000e+06 7.6000000000000000e+06 7.7000000000000000e+06 7.8000000000000000e+06 7.9000000000000000e+06 8.0000000000000000e+06 8.1000000000000000e+06 8.2000000000000000e+06 8.3000000000000000e+06 8.4000000000000000e+06 8.5000000000000000e+06 8.6000000000000000e+06 8.7000000000000000e+06 8.8000000000000000e+06 8.9000000000000000e+06 9.0000000000000000e+06 9.1000000000000000e+06 9.2000000000000000e+06 9.3000000000000000e+06 9.4000000000000000e+06 9.5000000000000000e+06 9.6000000000000000e+06 9.7000000000000000e+06 9.8000000000000000e+06 9.9000000000000000e+06 1.0000000000000000e+07 
channelStates 5
1.3000000000000000e-01 8.7000000000000000e-01 5.2932485257249577e-02 5.9612075350846028e-01 3.1767691406069742e-01 
uold 1448
1.2030113155080375e+01 1.2496495924429195e+02 1.3699507240434443e+02 -2.7182985171263763e+00 1.2030113155087387e+01 1.2496495924430373e+02 1.3699507240432163e+02 -2.7182985274168923e+00 1.2030191473574854e+01 1.2496489369302250e+02 1.3699508517154808e+02 -2.7182984239327115e+00 1.2030191473578636e+01 1.2496489369302016e+02 1.3699508517154325e+02 -2.7182984342230920e+00 1.2030374216471042e+01 1.2496474074024424e+02 1.3699511496164757e+02 -2.7182982064809824e+00 1.2030374216474083e+01 1.2496474074023595e+02 1.3699511496165005e+02 -2.7182982167713221e+00 1.2030584503194868e+01 1.2496456473370219e+02 1.3699514924182222e+02 -2.7182979562539042e+00 1.2030584503195207e+01 1.2496456473368546e+02 1.3699514924183347e+02 -2.7182979665442013e+00 1.2030783982039567e+01 1.2496439777314504e+02 1.3699518176010989e+02 -2.7182977188874631e+00 1.2030783982042092e+01 1.2496439777313691e+02 1.3699518176011264e+02 -2.7182977291778361e+00 1.2030956958224731e+01 1.2496425299485678e+02 1.3699520995801717e+02 -2.7182975130573688e+00 1.2030956958227549e+01 1.2496425299484945e+02 1.3699520995801919e+02 -2.7182975233477578e+00 1.2031099674382830e+01 1.2496413354370618e+02 1.3699523322303938e+02 -2.7182973432346649e+00 1.2031099674385761e+01 1.2496413354370912e+02 1.3699523322302966e+02 -2.7182973535251449e+00 1.2031213888733852e+01 1.2496403794810489e+02 1.3699525184179925e+02 -2.7182972073272147e+00 1.2031213888734815e+01 1.2496403794811032e+02 1.3699525184178736e+02 -2.7182972176177151e+00 1.2031303494451146e+01 1.2496396294955331e+02 1.3699526644893237e+02 -2.7182971007025487e+00 1.2031303494451468e+01 1.2496396294954302e+02 1.3699526644893635e+02 -2.7182971109929346e+00 1.2031372851472359e+01 1.2496390489880450e+02 1.3699527775523364e+02 -2.7182970181722541e+00 1.2031372851474030e+01 1.2496390489880675e+02 1.3699527775522563e+02 -2.7182970284627284e+00 1.2031426032488687e+01 1.2496386038716768e+02 1.3699528642453561e+02 -2.7182969548907074e+00 1.2031426032490151e+01 1.2496386038716152e+02 1.3699528642453686e+02 -2.7182969651811142e+00 1.2031466538109576e+01 1.2496382648441551e+02 1.3699529302777614e+02 -2.7182969066903602e+00 1.2031466538112866e+01 1.2496382648441089e+02 1.3699529302777341e+02 -2.7182969169807980e+00 1.2031497241056540e+01 1.2496380078747603e+02 1.3699529803186283e+02 -2.7182968701630288e+00 1.2031497241059791e+01 1.2496380078747623e+02 1.3699529803185561e+02 -2.7182968804535013e+00 1.2031520431411428e+01 1.2496378137167386e+02 1.3699530181825969e+02 -2.7182968425242224e+00 1.2031520431415750e+01 1.2496378137167173e+02 1.3699530181825517e+02 -2.7182968528146749e+00 1.2031537907648085e+01 1.2496376679418016e+02 1.3699530461586872e+02 -2.7182968221030719e+00 1.2031537907653043e+01 1.2496376679418238e+02 1.3699530461585834e+02 -2.7182968323935683e+00 1.2031550952099971e+01 1.2496375482455504e+02 1.3699530782448892e+02 -2.7182967986817239e+00 1.2031550952105086e+01 1.2496375482454012e+02 1.3699530782449847e+02 -2.7182968089720743e+00 1.2031558966897768e+01 1.2496372734458276e+02 1.3699533050614988e+02 -2.7182966331165268e+00 1.2031558966902814e+01 1.2496372734457402e+02 1.3699533050615108e+02 -2.7182966434069384e+00 1.2031555818581118e+01 1.2496361158772920e+02 1.3699545182423716e+02 -2.7182957475532725e+00 1.2031555818587000e+01 1.2496361158772143e+02 1.3699545182424097e+02 -2.7182957578436655e+00 1.2031528296995504e+01 1.2496326348421267e+02 1.3699582925965336e+02 -2.7182929924625823e+00 1.2031528297001188e+01 1.2496326348420821e+02 1.3699582925965322e+02 -2.7182930027530046e+00 1.2031462040205618e+01 1.2496252868365312e+02 1.3699663168255020e+02 -2.7182871352000002e+00 1.2031462040209044e+01 1.2496252868365049e+02 1.3699663168254682e+02 -2.7182871454904451e+00 1.2031350906205441e+01 1.2496133948998244e+02 1.3699793306211569e+02 -2.7182776358906660e+00 1.2031350906208671e+01 1.2496133948997937e+02 1.3699793306211225e+02 -2.7182776461811118e+00 1.2031149633194238e+01 1.2495921635783058e+02 1.3700025854416450e+02 -2.7182606614571432e+00 1.2031149633198293e+01 1.2495921635782800e+02 1.3700025854416225e+02 -2.7182606717475801e+00 1.2030768742399669e+01 1.2495522762802926e+02 1.3700462956921950e+02 -2.7182287567340389e+00 1.2030768742401461e+01 1.2495522762802345e+02 1.3700462956921959e+02 -2.7182287670244594e+00 1.2030049550760580e+01 1.2494772517119110e+02 1.3701285378020941e+02 -2.7181687298273847e+00 1.2030049550763298e+01 1.2494772517118516e+02 1.3701285378020958e+02 -2.7181687401178034e+00 1.2028693550393985e+01 1.2493360859660967e+02 1.3702833301794971e+02 -2.7180557596729815e+00 1.2028693550396845e+01 1.2493360859660463e+02 1.3702833301794826e+02 -2.7180557699634136e+00 1.2026139150273529e+01 1.2490704505617724e+02 1.3705747214532568e+02 -2.7178431319023582e+00 1.2026139150277153e+01 1.2490704505617624e+02 1.3705747214531974e+02 -2.7178431421928222e+00 1.2021330089252658e+01 1.2485706391659433e+02 1.3711233498632919e+02 -2.7174429212464983e+00 1.2021330089256109e+01 1.2485706391660109e+02 1.3711233498631458e+02 -2.7174429315370259e+00 1.2012280928889400e+01 1.2476304384634753e+02 1.3721565914626541e+02 -2.7166896320770637e+00 1.2012280928893960e+01 1.2476304384636650e+02 1.3721565914623810e+02 -2.7166896423676841e+00 1.1995264102560771e+01 1.2458626928256606e+02 1.3741035128455329e+02 -2.7152717611702264e+00 1.1995264102566649e+01 1.2458626928260611e+02 1.3741035128450210e+02 -2.7152717714610199e+00 1.1963297009097611e+01 1.2425421697100870e+02 1.3777755948501402e+02 -2.7126029802805136e+00 1.1963297009108288e+01 1.2425421697108661e+02 1.3777755948492015e+02 -2.7126029905716158e+00 1.1903355067416117e+01 1.2363160999599471e+02 1.3847140357967217e+02 -2.7075796578660878e+00 1.1903355067433422e+01 1.2363160999614369e+02 1.3847140357949752e+02 -2.7075796681577700e+00 1.0122395760409589e+02 4.0524977154629882e+00 1.0273823099256258e+02 -1.2209535621939457e-02 1.0122395760401032e+02 4.0524977154598227e+00 1.0273823099264958e+02 -1.2209546225425342e-02 1.0070295314078008e+02 4.0316372065406663e+00 1.0326976879300059e+02 -7.0491770455078338e-03 1.0070295314073090e+02 4.0316372065389610e+00 1.0326976879305117e+02 -7.0491876493512743e-03 1.0040349728113226e+02 4.0196463946247274e+00 1.0357777656138349e+02 -4.0710639396779602e-03 1.0040349728110395e+02 4.0196463946238685e+00 1.0357777656141282e+02 -4.0710745437274902e-03 1.0023108312177705e+02 4.0127416946879286e+00 1.0375595068377349e+02 -2.3523460094979970e-03 1.0023108312176072e+02 4.0127416946875458e+00 1.0375595068379057e+02 -2.3523566136666898e-03 1.0013171573222232e+02 4.0087614201360218e+00 1.0385891770684925e+02 -1.3604419556184964e-03 1.0013171573221281e+02 4.0087614201359285e+00 1.0385891770685920e+02 -1.3604525598558716e-03 1.0007441468859894e+02 4.0064652705986639e+00 1.0391838875047662e+02 -7.8799213418782746e-04 1.0007441468859339e+02 4.0064652705987092e+00 1.0391838875048246e+02 -7.8800273846500290e-04 1.0004136065756164e+02 4.0051398499540500e+00 1.0395272681399790e+02 -4.5761373898921384e-04 1.0004136065755841e+02 4.0051398499541522e+00 1.0395272681400134e+02 -4.5762434328947991e-04 1.0002228959977020e+02 4.0043742381131118e+00 1.0397255032585907e+02 -2.6693454833811019e-04 1.0002228959976834e+02 4.0043742381132841e+00 1.0397255032586115e+02 -2.6694515265160781e-04 1.0001128429921046e+02 4.0039315398741993e+00 1.0398399456879163e+02 -1.5687075496580863e-04 1.0001128429920935e+02 4.0039315398744009e+00 1.0398399456879288e+02 -1.5688135928743007e-04 1.0000493150117217e+02 4.0036751059675861e+00 1.0399060317565130e+02 -9.3318694313433993e-05 1.0000493150117153e+02 4.0036751059678251e+00 1.0399060317565200e+02 -9.3329298639904337e-05 1.0000126115739687e+02 4.0035260657720011e+00 1.0399442297661416e+02 -5.6587191502627218e-05 1.0000126115739646e+02 4.0035260657722578e+00 1.0399442297661467e+02 -5.6597795831769653e-05 9.9998965789661440e+01 4.0034318412067256e+00 1.0399681342683863e+02 -3.3601120797563771e-05 9.9998965789661199e+01 4.0034318412069831e+00 1.0399681342683900e+02 -3.3611725128520753e-05 9.9997446585030886e+01 4.0033679162667939e+00 1.0399839788232724e+02 -1.8365615183289372e-05 9.9997446585030787e+01 4.0033679162670524e+00 1.0399839788232747e+02 -1.8376219515464662e-05 9.9996658061544011e+01 4.0033322148379220e+00 1.0399922394097240e+02 -1.0422643693916590e-05 9.9996658061543997e+01 4.0033322148381805e+00 1.0399922394097254e+02 -1.0433248026501913e-05 9.9996369206872160e+01 4.0033151503847755e+00 1.0399953231528789e+02 -7.4574741343895315e-06 9.9996369206872245e+01 4.0033151503850499e+00 1.0399953231528791e+02 -7.4680784683897181e-06 9.9996310974169603e+01 4.0033055051621078e+00 1.0399960345876345e+02 -6.7733768566505672e-06 9.9996310974169319e+01 4.0033055051623814e+00 1.0399960345876383e+02 -6.7839811873158647e-06 9.9996316066729563e+01 4.0032959934903936e+00 1.0399961221409242e+02 -6.6891541465000965e-06 9.9996316066729563e+01 4.0032959934906813e+00 1.0399961221409252e+02 -6.6997584799278844e-06 9.9996331303363888e+01 4.0032837152507232e+00 1.0399961500489883e+02 -6.6622592075454059e-06 9.9996331303363718e+01 4.0032837152510057e+00 1.0399961500489904e+02 -6.6728635398772746e-06 9.9996351362539642e+01 4.0032674521131586e+00 1.0399961881637103e+02 -6.6255098425864435e-06 9.9996351362539627e+01 4.0032674521134179e+00 1.0399961881637108e+02 -6.6361141772956068e-06 9.9996377867607336e+01 4.0032459682463708e+00 1.0399962383532407e+02 -6.5770808260941306e-06 9.9996377867607350e+01 4.0032459682466355e+00 1.0399962383532406e+02 -6.5876851627967342e-06 9.9996412763066800e+01 4.0032176751315314e+00 1.0399963043807179e+02 -6.5133034851503481e-06 9.9996412763066971e+01 4.0032176751318067e+00 1.0399963043807152e+02 -6.5239078251259574e-06 9.9996458517555041e+01 4.0031805653948789e+00 1.0399963908274262e+02 -6.4296853705609659e-06 9.9996458517554558e+01 4.0031805653951293e+00 1.0399963908274300e+02 -6.4402897056718439e-06 9.9996518188544187e+01 4.0031321464166831e+00 1.0399965033477062e+02 -6.3206379971779207e-06 9.9996518188543931e+01 4.0031321464169398e+00 1.0399965033477071e+02 -6.3312423369480093e-06 9.9996595473272976e+01 4.0030693959507113e+00 1.0399966486902989e+02 -6.1794098490349987e-06 9.9996595473272706e+01 4.0030693959509662e+00 1.0399966486902990e+02 -6.1900141919663337e-06 9.9996694694616082e+01 4.0029887648534617e+00 1.0399968345927661e+02 -5.9981090758777940e-06 9.9996694694615556e+01 4.0029887648537024e+00 1.0399968345927684e+02 -6.0087134194683053e-06 9.9996820678141930e+01 4.0028862626760144e+00 1.0399970694062532e+02 -5.7679319840976945e-06 9.9996820678141830e+01 4.0028862626762436e+00 1.0399970694062515e+02 -5.7785363356555307e-06 9.9996978463691534e+01 4.0027576679371704e+00 1.0399973613143665e+02 -5.4796946410437947e-06 9.9996978463691264e+01 4.0027576679373862e+00 1.0399973613143656e+02 -5.4902989969686804e-06 9.9997172797384309e+01 4.0025989014224042e+00 1.0399977169861549e+02 -5.1247689972172247e-06 9.9997172797383968e+01 4.0025989014226173e+00 1.0399977169861555e+02 -5.1353733585502192e-06 9.9997407369034391e+01 4.0024065824831627e+00 1.0399981395132811e+02 -4.6964889074330061e-06 9.9997407369034235e+01 4.0024065824833457e+00 1.0399981395132804e+02 -4.7070932776631161e-06 9.9997683793985715e+01 4.0021787575458934e+00 1.0399986255134442e+02 -4.1920302333383140e-06 9.9997683793985672e+01 4.0021787575460355e+00 1.0399986255134431e+02 -4.2026346139810068e-06 9.9998000369416289e+01 4.0019157636836908e+00 1.0399991613291679e+02 -3.6147126047525692e-06 9.9998000369416047e+01 4.0019157636838516e+00 1.0399991613291699e+02 -3.6253169927473389e-06 9.9998350640447697e+01 4.0016211959532226e+00 1.0399997183622493e+02 -2.9766588289243213e-06 9.9998350640447569e+01 4.0016211959533727e+00 1.0399997183622504e+02 -2.9872632334760750e-06 9.9998721809304016e+01 4.0013029980778594e+00 1.0400002480721808e+02 -2.3017419260496350e-06 9.9998721809304527e+01 4.0013029980779633e+00 1.0400002480721744e+02 -2.3123463554431918e-06 9.9999093163380266e+01 4.0009747344668414e+00 1.0400006789770039e+02 -1.6284585082749134e-06 9.9999093163380039e+01 4.0009747344668769e+00 1.0400006789770056e+02 -1.6390629209399938e-06 9.9999435377679930e+01 4.0006569074174090e+00 1.0400009228497726e+02 -1.0110540973521226e-06 9.9999435377680001e+01 4.0006569074173992e+00 1.0400009228497719e+02 -1.0216584994004181e-06 9.9999713279080382e+01 4.0003772523140357e+00 1.0400009053130911e+02 -5.1396683360469400e-07 9.9999713279080197e+01 4.0003772523142578e+00 1.0400009053130957e+02 -5.2457122180907372e-07 9.9999896754536508e+01 4.0001666921771797e+00 1.0400006344666794e+02 -1.9093718451442520e-07 9.9999896754536564e+01 4.0001666921771966e+00 1.0400006344666814e+02 -2.0154163325134518e-07 9.9999981163285142e+01 4.0000457121773190e+00 1.0400002687544821e+02 -4.7121012138144859e-08 9.9999981163285028e+01 4.0000457121772914e+00 1.0400002687544799e+02 -5.7725560228471801e-08 1.0000000014685942e+02 4.0000038256121710e+00 1.0400000397247076e+02 -1.7695855463449258e-08 1.0000000014685939e+02 4.0000038256121178e+00 1.0400000397247069e+02 -2.8300473233802128e-08 1.0000000009320406e+02 3.9999995403365141e+00 1.0399999963354080e+02 -1.8654795885871176e-08 1.0000000009320408e+02 3.9999995403365221e+00 1.0399999963354081e+02 -2.9259416732353330e-08 9.9999999978132593e+01 4.0000000547194752e+00 1.0400000003285203e+02 -1.8781297865642936e-08 9.9999999978133047e+01 4.0000000547194592e+00 1.0400000003285247e+02 -2.9385930972092928e-08 1.0000000000431987e+02 3.9999999925754253e+00 1.0399999999689527e+02 -1.8741481905316434e-08 1.0000000000431992e+02 3.9999999925754559e+00 1.0399999999689541e+02 -2.9346214898932706e-08 9.9999999999164871e+01 4.0000000011364758e+00 1.0400000000030134e+02 -1.8749835216583237e-08 9.9999999999164629e+01 4.0000000011364696e+00 1.0400000000030110e+02 -2.9354855598791404e-08 1.0000000000016179e+02 3.9999999998094582e+00 1.0399999999997127e+02 -1.8747667543477693e-08 1.0000000000016176e+02 3.9999999998094746e+00 1.0399999999997122e+02 -2.9353369547350255e-08 9.9999999999968765e+01 4.0000000000339950e+00 1.0400000000000279e+02 -1.8747213720179831e-08 9.9999999999968352e+01 4.0000000000339817e+00 1.0400000000000233e+02 -2.9354287848243074e-08 1.0000000000000611e+02 3.9999999999936877e+00 1.0399999999999982e+02 -1.8746833682312229e-08 1.0000000000000610e+02 3.9999999999936970e+00 1.0399999999999979e+02 -2.9354783699188552e-08 9.9999999999999019e+01 4.0000000000011697e+00 1.0400000000000017e+02 -1.8747714497987635e-08 9.9999999999998664e+01 4.0000000000012239e+00 1.0399999999999989e+02 -2.9355408177702369e-08 1.0000000000000009e+02 3.9999999999998113e+00 1.0399999999999989e+02 -1.8750592158602389e-08 1.0000000000000044e+02 3.9999999999997238e+00 1.0400000000000014e+02 -2.9355642245449267e-08 9.9999999999999702e+01 4.0000000000000391e+00 1.0399999999999976e+02 -1.8747775305281376e-08 9.9999999999999986e+01 4.0000000000000515e+00 1.0400000000000006e+02 -2.9357582784499413e-08 1.0000000000000036e+02 4.0000000000000062e+00 1.0400000000000037e+02 -1.8742965059482091e-08 9.9999999999999858e+01 3.9999999999999960e+00 1.0399999999999986e+02 -2.9358672936124342e-08 9.9999999999999915e+01 3.9999999999999871e+00 1.0399999999999990e+02 -1.8740899456847465e-08 1.0000000000000023e+02 4.0000000000000266e+00 1.0400000000000026e+02 -2.9356709968137443e-08 1.0000000000000026e+02 3.9999999999999880e+00 1.0400000000000026e+02 -1.8768283043349420e-08 9.9999999999999957e+01 4.0000000000000027e+00 1.0399999999999994e+02 -2.9325681120860741e-08 1.0000000000000001e+02 3.9999999999999813e+00 1.0399999999999997e+02 -1.8745906879431598e-08 1.0000000000000009e+02 4.0000000000000027e+00 1.0400000000000011e+02 -2.9317993401450719e-08 9.9999999999999815e+01 4.0000000000000187e+00 1.0399999999999986e+02 -1.8662939495429644e-08 9.9999999999999929e+01 3.9999999999999973e+00 1.0399999999999991e+02 -2.9302907693458027e-08 1.0000000000000026e+02 3.9999999999999840e+00 1.0400000000000023e+02 -1.8511934684536085e-08 1.0000000000000028e+02 3.9999999999999902e+00 1.0400000000000028e+02 -2.9392638891942337e-08 9.9999999999999886e+01 3.9999999999999631e+00 1.0399999999999987e+02 -1.8242812204741415e-08 9.9999999999999730e+01 4.0000000000000382e+00 1.0399999999999974e+02 -2.9533929347255846e-08 1.0000000000000027e+02 4.0000000000000275e+00 1.0400000000000033e+02 -1.8155059231030984e-08 1.0000000000000040e+02 3.9999999999999813e+00 1.0400000000000041e+02 -2.9560113401218696e-08 9.9999999999999801e+01 3.9999999999999840e+00 1.0399999999999977e+02 -1.8192626893938260e-08 1.0000000000000003e+02 3.9999999999999951e+00 1.0400000000000000e+02 -2.9513030893594021e-08 1.0000000000000004e+02 4.0000000000000160e+00 1.0400000000000007e+02 -1.8141884236223567e-08 9.9999999999999801e+01 4.0000000000000311e+00 1.0399999999999984e+02 -2.9527228610485547e-08 1.0000000000000006e+02 3.9999999999999711e+00 1.0400000000000004e+02 -1.7940817663100636e-08 1.0000000000000009e+02 3.9999999999999973e+00 1.0400000000000007e+02 -2.9677285155079368e-08 9.9999999999999972e+01 3.9999999999999765e+00 1.0399999999999996e+02 -1.7704664815755585e-08 1.0000000000000017e+02 4.0000000000000098e+00 1.0400000000000016e+02 -2.9865472960572057e-08 1.0000000000000048e+02 4.0000000000000027e+00 1.0400000000000047e+02 -1.7570568800498062e-08 9.9999999999999616e+01 4.0000000000000089e+00 1.0399999999999962e+02 -2.9927964592278752e-08 9.9999999999999801e+01 3.9999999999999694e+00 1.0399999999999976e+02 -1.7352426141331317e-08 1.0000000000000050e+02 4.0000000000000080e+00 1.0400000000000051e+02 -3.0015255501503849e-08 9.9999999999999744e+01 4.0000000000000107e+00 1.0399999999999976e+02 -1.7158819533558448e-08 1.0000000000000000e+02 3.9999999999999787e+00 1.0399999999999996e+02 -3.0082488942087164e-08 1.0000000000000020e+02 3.9999999999999871e+00 1.0400000000000021e+02 -1.6840519287964419e-08 9.9999999999999957e+01 4.0000000000000062e+00 1.0399999999999996e+02 -3.0332016910288794e-08 1.0000000000000023e+02 4.0000000000000036e+00 1.0400000000000023e+02 -1.6634956446689494e-08 9.9999999999999787e+01 3.9999999999999996e+00 1.0399999999999977e+02 -3.0513992676398460e-08 9.9999999999999886e+01 4.0000000000000400e+00 1.0399999999999994e+02 -1.6487360616231097e-08 9.9999999999999929e+01 3.9999999999999991e+00 1.0399999999999991e+02 -3.0600079643630854e-08 1.0000000000000003e+02 3.9999999999999383e+00 1.0399999999999996e+02 -1.6508455595177118e-08 1.0000000000000010e+02 4.0000000000000311e+00 1.0400000000000013e+02 -3.0522555512144153e-08 9.9999999999999815e+01 4.0000000000000204e+00 1.0399999999999987e+02 -1.6589311425385399e-08 1.0000000000000014e+02 4.0000000000000009e+00 1.0400000000000014e+02 -3.0478067752659727e-08 9.9999999999999815e+01 3.9999999999999973e+00 1.0399999999999983e+02 -1.6704289079255938e-08 1.0000000000000009e+02 3.9999999999999956e+00 1.0400000000000009e+02 -3.0348240103107380e-08 9.9999999999999645e+01 4.0000000000000044e+00 1.0399999999999964e+02 -1.7017259799632288e-08 1.0000000000000038e+02 3.9999999999999916e+00 1.0400000000000038e+02 -3.0043085177611629e-08 9.9999999999999957e+01 3.9999999999999867e+00 1.0399999999999996e+02 -1.7274401802548592e-08 9.9999999999999659e+01 4.0000000000000080e+00 1.0399999999999964e+02 -2.9809508868571092e-08 9.9999999999999972e+01 3.9999999999999631e+00 1.0399999999999993e+02 -1.7597614126746158e-08 1.0000000000000031e+02 4.0000000000000222e+00 1.0400000000000036e+02 -2.9561021892740042e-08 9.9999999999999801e+01 4.0000000000000151e+00 1.0399999999999983e+02 -1.7815947018035547e-08 1.0000000000000009e+02 3.9999999999999720e+00 1.0400000000000004e+02 -2.9239122630623550e-08 9.9999999999999517e+01 4.0000000000000000e+00 1.0399999999999950e+02 -1.7941509184282425e-08 1.0000000000000018e+02 4.0000000000000222e+00 1.0400000000000021e+02 -2.9026658094356402e-08 1.0000000000000000e+02 4.0000000000000213e+00 1.0400000000000003e+02 -1.8048040958911273e-08 9.9999999999999943e+01 3.9999999999999640e+00 1.0399999999999990e+02 -2.8845412517729709e-08 9.9999999999999915e+01 3.9999999999999778e+00 1.0399999999999989e+02 -1.8288590053141452e-08 1.0000000000000013e+02 4.0000000000000249e+00 1.0400000000000016e+02 -2.8552173336119583e-08 9.9999999999999901e+01 4.0000000000000426e+00 1.0399999999999994e+02 -1.8517681961194041e-08 9.9999999999999588e+01 3.9999999999999787e+00 1.0399999999999956e+02 -2.8286822648630888e-08 9.9999999999999972e+01 4.0000000000000240e+00 1.0399999999999999e+02 -1.8665439386693013e-08 9.9999999999999929e+01 3.9999999999999805e+00 1.0399999999999991e+02 -2.8126512400868432e-08 9.9999999999999901e+01 3.9999999999999529e+00 1.0399999999999986e+02 -1.8780802298609730e-08 9.9999999999999858e+01 4.0000000000000595e+00 1.0399999999999990e+02 -2.7985700386025479e-08 1.0000000000000034e+02 4.0000000000000284e+00 1.0400000000000037e+02 -1.8785299341593957e-08 9.9999999999999844e+01 3.9999999999999836e+00 1.0399999999999983e+02 -2.7918810256522362e-08 9.9999999999999972e+01 3.9999999999999765e+00 1.0399999999999996e+02 -1.8655008788992622e-08 1.0000000000000000e+02 4.0000000000000240e+00 1.0400000000000003e+02 -2.7895595301740982e-08 9.9999999999999815e+01 3.9999999999999987e+00 1.0399999999999980e+02 -1.8568487412559346e-08 1.0000000000000009e+02 4.0000000000000160e+00 1.0400000000000013e+02 -2.7924250757441352e-08 9.9999999999999574e+01 3.9999999999999996e+00 1.0399999999999960e+02 -1.8606724101259067e-08 1.0000000000000047e+02 3.9999999999999849e+00 1.0400000000000043e+02 -2.7859285196215466e-08 1.0000000000000028e+02 3.9999999999999867e+00 1.0400000000000027e+02 -1.8690499829461544e-08 9.9999999999999744e+01 4.0000000000000160e+00 1.0399999999999976e+02 -2.7784115657322326e-08 9.9999999999999645e+01 4.0000000000000266e+00 1.0399999999999967e+02 -1.8918420190644199e-08 1.0000000000000009e+02 3.9999999999999702e+00 1.0400000000000007e+02 -2.7631723907986391e-08 1.0000000000000014e+02 3.9999999999999902e+00 1.0400000000000013e+02 -1.9116473346303216e-08 1.0000000000000014e+02 4.0000000000000417e+00 1.0400000000000017e+02 -2.7487917714963766e-08 1.0000000000000013e+02 4.0000000000000036e+00 1.0400000000000014e+02 -1.9430959791356549e-08 9.9999999999999773e+01 4.0000000000000071e+00 1.0399999999999977e+02 -2.7220702353002741e-08 9.9999999999999673e+01 4.0000000000000417e+00 1.0399999999999973e+02 -1.9682985962467170e-08 1.0000000000000010e+02 3.9999999999999933e+00 1.0400000000000010e+02 -2.7022791604063068e-08 1.0000000000000001e+02 3.9999999999999689e+00 1.0399999999999997e+02 -2.0149808240407869e-08 9.9999999999999758e+01 4.0000000000000231e+00 1.0399999999999977e+02 -2.6606594353134432e-08 1.0000000000000007e+02 4.0000000000000240e+00 1.0400000000000009e+02 -2.0584313093871786e-08 1.0000000000000017e+02 3.9999999999999813e+00 1.0400000000000014e+02 -2.6181195511902956e-08 9.9999999999999915e+01 4.0000000000000000e+00 1.0399999999999990e+02 -2.1005049297599356e-08 9.9999999999999858e+01 4.0000000000000080e+00 1.0399999999999989e+02 -2.5729184159238552e-08 9.9999999999999929e+01 3.9999999999999893e+00 1.0399999999999993e+02 -2.1340381255094673e-08 1.0000000000000017e+02 3.9999999999999951e+00 1.0400000000000016e+02 -2.5238620609704814e-08 1.0000000000000009e+02 4.0000000000000160e+00 1.0400000000000004e+02 -2.1552279077425614e-08 9.9999999999999801e+01 3.9999999999999960e+00 1.0399999999999983e+02 -2.4832210150789581e-08 9.9999999999999929e+01 4.0000000000000231e+00 1.0399999999999999e+02 -2.1519049961906617e-08 9.9999999999999972e+01 3.9999999999999778e+00 1.0399999999999991e+02 -2.4555346576158201e-08 1.0000000000000010e+02 3.9999999999999929e+00 1.0400000000000009e+02 -2.1431706155106184e-08 9.9999999999999773e+01 3.9999999999999991e+00 1.0399999999999979e+02 -2.4307037173306447e-08 9.9999999999999972e+01 4.0000000000000249e+00 1.0399999999999999e+02 -2.1406485271013802e-08 1.0000000000000020e+02 3.9999999999999805e+00 1.0400000000000017e+02 -2.3961758210309885e-08 1.0000000000000016e+02 3.9999999999999361e+00 1.0400000000000011e+02 -2.1256540877358439e-08 9.9999999999999730e+01 4.0000000000000719e+00 1.0399999999999980e+02 -2.3666046739454429e-08 9.9999999999999574e+01 4.0000000000000515e+00 1.0399999999999963e+02 -2.1320388386503883e-08 1.0000000000000034e+02 3.9999999999999432e+00 1.0400000000000027e+02 -2.3075782148308479e-08 1.0000000000000021e+02 3.9999999999999831e+00 1.0400000000000020e+02 -2.1263449286389884e-08 9.9999999999999673e+01 4.0000000000000089e+00 1.0399999999999967e+02 -2.2544468038322487e-08 9.9999999999999886e+01 3.9999999999999991e+00 1.0399999999999989e+02 -2.1184310691452171e-08 1.0000000000000036e+02 3.9999999999999991e+00 1.0400000000000036e+02 -2.1917759898834360e-08 9.9999999999999432e+01 3.9999999999999822e+00 1.0399999999999940e+02 -2.1023500349514242e-08 1.0000000000000030e+02 4.0000000000000311e+00 1.0400000000000031e+02 -2.1313093029588846e-08 1.0000000000000028e+02 3.9999999999999760e+00 1.0400000000000028e+02 -2.0852733650280054e-08 9.9999999999999858e+01 3.9999999999999960e+00 1.0399999999999986e+02 -2.0674191617939395e-08 9.9999999999999829e+01 4.0000000000000009e+00 1.0399999999999982e+02 -2.0654196663285528e-08 9.9999999999999844e+01 3.9999999999999902e+00 1.0399999999999984e+02 -2.0111111469935629e-08 1.0000000000000014e+02 3.9999999999999734e+00 1.0400000000000013e+02 -2.0537442268436612e-08 1.0000000000000004e+02 4.0000000000000151e+00 1.0400000000000006e+02 -1.9492407105597312e-08 1.0000000000000037e+02 4.0000000000000036e+00 1.0400000000000037e+02 -2.0456139073507136e-08 9.9999999999999758e+01 3.9999999999999876e+00 1.0399999999999976e+02 -1.8813845116467092e-08 9.9999999999999488e+01 4.0000000000000036e+00 1.0399999999999949e+02 -2.0374810191260143e-08 1.0000000000000051e+02 3.9999999999999858e+00 1.0400000000000050e+02 -1.8144000705113411e-08 1.0000000000000028e+02 4.0000000000000036e+00 1.0400000000000027e+02 -2.0244571549979693e-08 9.9999999999999716e+01 4.0000000000000018e+00 1.0399999999999973e+02 -1.7481717454273868e-08 9.9999999999999915e+01 4.0000000000000027e+00 1.0399999999999994e+02 -2.0316382380992194e-08 9.9999999999999886e+01 3.9999999999999982e+00 1.0399999999999989e+02 -1.6702513372811673e-08 1.0000000000000021e+02 3.9999999999999791e+00 1.0400000000000018e+02 -2.0342229863917717e-08 1.0000000000000006e+02 4.0000000000000124e+00 1.0400000000000007e+02 -1.6010723686207746e-08 1.0000000000000004e+02 3.9999999999999893e+00 1.0400000000000001e+02 -2.0311944713624238e-08 9.9999999999999858e+01 4.0000000000000107e+00 1.0399999999999986e+02 -1.5349918440994124e-08 9.9999999999999787e+01 4.0000000000000027e+00 1.0399999999999979e+02 -2.0320525641405195e-08 1.0000000000000004e+02 3.9999999999999893e+00 1.0400000000000003e+02 -1.4582997586464389e-08 9.9999999999999901e+01 4.0000000000000249e+00 1.0399999999999991e+02 -2.0269679963632746e-08 1.0000000000000024e+02 3.9999999999999787e+00 1.0400000000000021e+02 -1.3813358077341114e-08 1.0000000000000013e+02 3.9999999999999956e+00 1.0400000000000010e+02 -2.0109562945041431e-08 9.9999999999999744e+01 3.9999999999999973e+00 1.0399999999999976e+02 -1.3106482954871934e-08 1.0000000000000011e+02 3.9999999999999609e+00 1.0400000000000009e+02 -1.9907974378732803e-08 9.9999999999999929e+01 4.0000000000000302e+00 1.0399999999999996e+02 -1.2478059175875815e-08 9.9999999999999687e+01 4.0000000000000240e+00 1.0399999999999970e+02 -1.9705349803017736e-08 1.0000000000000050e+02 3.9999999999999898e+00 1.0400000000000047e+02 -1.1875104697087589e-08 9.9999999999999915e+01 3.9999999999999512e+00 1.0399999999999986e+02 -1.9544780722865617e-08 1.0000000000000010e+02 4.0000000000000435e+00 1.0400000000000013e+02 -1.1191255124798184e-08 1.0000000000000027e+02 4.0000000000000746e+00 1.0400000000000033e+02 -1.9243998841230500e-08 9.9999999999999673e+01 3.9999999999999649e+00 1.0399999999999966e+02 -1.0616438688098490e-08 1.0000000000000007e+02 3.9999999999999867e+00 1.0400000000000007e+02 -1.8821320182300558e-08 1.0000000000000027e+02 4.0000000000000062e+00 1.0400000000000027e+02 -1.0142123556241191e-08 9.9999999999999901e+01 3.9999999999999813e+00 1.0399999999999990e+02 -1.8349280851260394e-08 9.9999999999999787e+01 4.0000000000000338e+00 1.0399999999999983e+02 -9.6884396082429507e-09 9.9999999999999929e+01 4.0000000000000284e+00 1.0399999999999996e+02 -1.8011122263688736e-08 1.0000000000000000e+02 3.9999999999999676e+00 1.0399999999999997e+02 -9.1268958517726715e-09 9.9999999999999829e+01 4.0000000000000053e+00 1.0399999999999983e+02 -1.7681458447355506e-08 1.0000000000000001e+02 3.9999999999999902e+00 1.0400000000000001e+02 -8.6664452400857343e-09 1.0000000000000007e+02 4.0000000000000115e+00 1.0400000000000009e+02 -1.7302964039626988e-08 9.9999999999999787e+01 4.0000000000000062e+00 1.0399999999999979e+02 -8.2895692813334537e-09 9.9999999999999957e+01 3.9999999999999734e+00 1.0399999999999996e+02 -1.6803420715822676e-08 1.0000000000000014e+02 3.9999999999999907e+00 1.0400000000000013e+02 -7.9596634998734629e-09 1.0000000000000043e+02 4.0000000000000036e+00 1.0400000000000041e+02 -1.6158227682902140e-08 9.9999999999999773e+01 4.0000000000000178e+00 1.0399999999999983e+02 -7.7675094269397137e-09 1.0000000000000000e+02 3.9999999999999964e+00 1.0400000000000000e+02 -1.5569850811211873e-08 9.9999999999999943e+01 3.9999999999999725e+00 1.0399999999999991e+02 -7.5051334197092783e-09 1.0000000000000006e+02 3.9999999999999618e+00 1.0400000000000000e+02 -1.4845969119923463e-08 9.9999999999999929e+01 4.0000000000000666e+00 1.0400000000000000e+02 -7.3978028199710644e-09 9.9999999999999787e+01 4.0000000000000160e+00 1.0399999999999979e+02 -1.4227542763834436e-08 1.0000000000000028e+02 3.9999999999999996e+00 1.0400000000000028e+02 -7.1013500755597156e-09 1.0000000000000053e+02 3.9999999999999969e+00 1.0400000000000054e+02 -1.3684146478472887e-08 9.9999999999999702e+01 4.0000000000000000e+00 1.0399999999999970e+02 -6.7679700279137195e-09 1.0000000000000007e+02 4.0000000000000302e+00 1.0400000000000007e+02 -1.3179181002104614e-08 9.9999999999999986e+01 3.9999999999999627e+00 1.0399999999999997e+02 -6.4901131054918177e-09 1.0000000000000009e+02 4.0000000000000044e+00 1.0400000000000009e+02 -1.2582786629549231e-08 9.9999999999999730e+01 3.9999999999999885e+00 1.0399999999999972e+02 -6.1842021798760151e-09 1.0000000000000016e+02 4.0000000000000000e+00 1.0400000000000016e+02 -1.1936757722077204e-08 9.9999999999999844e+01 4.0000000000000160e+00 1.0399999999999987e+02 -5.9689725855575406e-09 9.9999999999999901e+01 4.0000000000000080e+00 1.0399999999999989e+02 -1.1290044571439768e-08 1.0000000000000004e+02 3.9999999999999840e+00 1.0400000000000006e+02 -5.8202528223326255e-09 9.9999999999999901e+01 4.0000000000000053e+00 1.0399999999999990e+02 -1.0722975838194875e-08 1.0000000000000023e+02 4.0000000000000098e+00 1.0400000000000023e+02 -5.5867923366734774e-09 9.9999999999999986e+01 3.9999999999999942e+00 1.0399999999999996e+02 -1.0189519411172892e-08 9.9999999999999801e+01 3.9999999999999765e+00 1.0399999999999980e+02 -5.3348516292819374e-09 9.9999999999999744e+01 4.0000000000000222e+00 1.0399999999999980e+02 -9.6741341343197460e-09 1.0000000000000030e+02 4.0000000000000213e+00 1.0400000000000028e+02 -5.0250295177060845e-09 9.9999999999999957e+01 3.9999999999999560e+00 1.0399999999999991e+02 -9.0750809274894430e-09 1.0000000000000017e+02 4.0000000000000142e+00 1.0400000000000018e+02 -4.7326198144111047e-09 9.9999999999999957e+01 3.9999999999999978e+00 1.0399999999999993e+02 -8.4878509986998542e-09 9.9999999999999929e+01 4.0000000000000115e+00 1.0399999999999994e+02 -4.4361817367067973e-09 9.9999999999999986e+01 4.0000000000000542e+00 1.0400000000000004e+02 -7.8583641902422866e-09 1.0000000000000001e+02 3.9999999999999210e+00 1.0399999999999991e+02 -4.1371081491815575e-09 1.0000000000000033e+02 3.9999999999999889e+00 1.0400000000000028e+02 -7.1534399342600062e-09 9.9999999999999616e+01 3.9999999999999951e+00 1.0399999999999963e+02 -3.9058445791095119e-09 1.0000000000000034e+02 4.0000000000000258e+00 1.0400000000000037e+02 -6.2828278675763469e-09 9.9999999999999858e+01 3.9999999999999920e+00 1.0399999999999986e+02 -3.7770525475447285e-09 9.9999999999999744e+01 3.9999999999999840e+00 1.0399999999999970e+02 -5.5095063626708684e-09 1.0000000000000004e+02 4.0000000000000089e+00 1.0400000000000004e+02 -3.5551735593969324e-09 1.0000000000000001e+02 4.0000000000000089e+00 1.0400000000000003e+02 -4.6577525722419329e-09 1.0000000000000003e+02 3.9999999999999880e+00 1.0400000000000001e+02 -3.3446337437361630e-09 1.0000000000000018e+02 3.9999999999999889e+00 1.0400000000000016e+02 -3.8427264435087578e-09 1.0000000000000000e+02 3.9999999999999845e+00 1.0399999999999997e+02 -3.1063724176975050e-09 1.0000000000000017e+02 4.0000000000000027e+00 1.0400000000000020e+02 -3.0639178996692664e-09 9.9999999999999517e+01 3.9999999999999956e+00 1.0399999999999950e+02 -2.6966042040505497e-09 1.0000000000000020e+02 3.9999999999999716e+00 1.0400000000000016e+02 -2.3918571600730266e-09 9.9999999999999943e+01 4.0000000000000622e+00 1.0400000000000000e+02 -2.1515226866404335e-09 9.9999999999999744e+01 4.0000000000000160e+00 1.0399999999999977e+02 -1.7038646596463038e-09 1.0000000000000037e+02 3.9999999999999667e+00 1.0400000000000033e+02 -1.6950041855743166e-09 1.0000000000000034e+02 3.9999999999999769e+00 1.0400000000000028e+02 -1.1103334454136835e-09 9.9999999999999773e+01 4.0000000000000098e+00 1.0399999999999980e+02 -1.1495312574013750e-09 9.9999999999999972e+01 3.9999999999999973e+00 1.0399999999999999e+02 -4.9568076725982588e-10 1.0000000000000011e+02 4.0000000000000240e+00 1.0400000000000013e+02 -6.3506226522640692e-10 1.0000000000000000e+02 4.0000000000000000e+00 1.0400000000000000e+02 0.0000000000000000e+00 1.0000000000000000e+02 4.0000000000000000e+00 1.0400000000000000e+02 0.0000000000000000e+00 
unew 1448
1.2030113155080375e+01 1.2496495924429195e+02 1.3699507240434443e+02 -2.7182985171263763e+00 1.2030113155087387e+01 1.2496495924430373e+02 1.3699507240432163e+02 -2.7182985274168923e+00 1.2030191473574854e+01 1.2496489369302250e+02 1.3699508517154808e+02 -2.7182984239327115e+00 1.2030191473578636e+01 1.2496489369302016e+02 1.3699508517154325e+02 -2.7182984342230920e+00 1.2030374216471042e+01 1.2496474074024424e+02 1.3699511496164757e+02 -2.7182982064809824e+00 1.2030374216474083e+01 1.2496474074023595e+02 1.3699511496165005e+02 -2.7182982167713221e+00 1.2030584503194868e+01 1.2496456473370219e+02 1.3699514924182222e+02 -2.7182979562539042e+00 1.2030584503195207e+01 1.2496456473368546e+02 1.3699514924183347e+02 -2.7182979665442013e+00 1.2030783982039567e+01 1.2496439777314504e+02 1.3699518176010989e+02 -2.7182977188874631e+00 1.2030783982042092e+01 1.2496439777313691e+02 1.3699518176011264e+02 -2.7182977291778361e+00 1.2030956958224731e+01 1.2496425299485678e+02 1.3699520995801717e+02 -2.7182975130573688e+00 1.2030956958227549e+01 1.2496425299484945e+02 1.3699520995801919e+02 -2.7182975233477578e+00 1.2031099674382830e+01 1.2496413354370618e+02 1.3699523322303938e+02 -2.7182973432346649e+00 1.2031099674385761e+01 1.2496413354370912e+02 1.3699523322302966e+02 -2.7182973535251449e+00 1.2031213888733852e+01 1.2496403794810489e+02 1.3699525184179925e+02 -2.7182972073272147e+00 1.2031213888734815e+01 1.2496403794811032e+02 1.3699525184178736e+02 -2.7182972176177151e+00 1.2031303494451146e+01 1.2496396294955331e+02 1.3699526644893237e+02 -2.7182971007025487e+00 1.2031303494451468e+01 1.2496396294954302e+02 1.3699526644893635e+02 -2.7182971109929346e+00 1.2031372851472359e+01 1.2496390489880450e+02 1.3699527775523364e+02 -2.7182970181722541e+00 1.2031372851474030e+01 1.2496390489880675e+02 1.3699527775522563e+02 -2.7182970284627284e+00 1.2031426032488687e+01 1.2496386038716768e+02 1.3699528642453561e+02 -2.7182969548907074e+00 1.2031426032490151e+01 1.2496386038716152e+02 1.3699528642453686e+02 -2.7182969651811142e+00 1.2031466538109576e+01 1.2496382648441551e+02 1.3699529302777614e+02 -2.7182969066903602e+00 1.2031466538112866e+01 1.2496382648441089e+02 1.3699529302777341e+02 -2.7182969169807980e+00 1.2031497241056540e+01 1.2496380078747603e+02 1.3699529803186283e+02 -2.7182968701630288e+00 1.2031497241059791e+01 1.2496380078747623e+02 1.3699529803185561e+02 -2.7182968804535013e+00 1.2031520431411428e+01 1.2496378137167386e+02 1.3699530181825969e+02 -2.7182968425242224e+00 1.2031520431415750e+01 1.2496378137167173e+02 1.3699530181825517e+02 -2.7182968528146749e+00 1.2031537907648085e+01 1.2496376679418016e+02 1.3699530461586872e+02 -2.7182968221030719e+00 1.2031537907653043e+01 1.2496376679418238e+02 1.3699530461585834e+02 -2.7182968323935683e+00 1.2031550952099971e+01 1.2496375482455504e+02 1.3699530782448892e+02 -2.7182967986817239e+00 1.2031550952105086e+01 1.2496375482454012e+02 1.3699530782449847e+02 -2.7182968089720743e+00 1.2031558966897768e+01 1.2496372734458276e+02 1.3699533050614988e+02 -2.7182966331165268e+00 1.2031558966902814e+01 1.2496372734457402e+02 1.3699533050615108e+02 -2.7182966434069384e+00 1.2031555818581118e+01 1.2496361158772920e+02 1.3699545182423716e+02 -2.7182957475532725e+00 1.2031555818587000e+01 1.2496361158772143e+02 1.3699545182424097e+02 -2.7182957578436655e+00 1.2031528296995504e+01 1.2496326348421267e+02 1.3699582925965336e+02 -2.7182929924625823e+00 1.2031528297001188e+01 1.2496326348420821e+02 1.3699582925965322e+02 -2.7182930027530046e+00 1.2031462040205618e+01 1.2496252868365312e+02 1.3699663168255020e+02 -2.7182871352000002e+00 1.2031462040209044e+01 1.2496252868365049e+02 1.3699663168254682e+02 -2.7182871454904451e+00 1.2031350906205441e+01 1.2496133948998244e+02 1.3699793306211569e+02 -2.7182776358906660e+00 1.2031350906208671e+01 1.2496133948997937e+02 1.3699793306211225e+02 -2.7182776461811118e+00 1.2031149633194238e+01 1.2495921635783058e+02 1.3700025854416450e+02 -2.7182606614571432e+00 1.2031149633198293e+01 1.2495921635782800e+02 1.3700025854416225e+02 -2.7182606717475801e+00 1.2030768742399669e+01 1.2495522762802926e+02 1.3700462956921950e+02 -2.7182287567340389e+00 1.2030768742401461e+01 1.2495522762802345e+02 1.3700462956921959e+02 -2.7182287670244594e+00 1.2030049550760580e+01 1.2494772517119110e+02 1.3701285378020941e+02 -2.7181687298273847e+00 1.2030049550763298e+01 1.2494772517118516e+02 1.3701285378020958e+02 -2.7181687401178034e+00 1.2028693550393985e+01 1.2493360859660967e+02 1.3702833301794971e+02 -2.7180557596729815e+00 1.2028693550396845e+01 1.2493360859660463e+02 1.3702833301794826e+02 -2.7180557699634136e+00 1.2026139150273529e+01 1.2490704505617724e+02 1.3705747214532568e+02 -2.7178431319023582e+00 1.2026139150277153e+01 1.2490704505617624e+02 1.3705747214531974e+02 -2.7178431421928222e+00 1.2021330089252658e+01 1.2485706391659433e+02 1.3711233498632919e+02 -2.7174429212464983e+00 1.2021330089256109e+01 1.2485706391660109e+02 1.3711233498631458e+02 -2.7174429315370259e+00 1.2012280928889400e+01 1.2476304384634753e+02 1.3721565914626541e+02 -2.7166896320770637e+00 1.2012280928893960e+01 1.2476304384636650e+02 1.3721565914623810e+02 -2.7166896423676841e+00 1.1995264102560771e+01 1.2458626928256606e+02 1.3741035128455329e+02 -2.7152717611702264e+00 1.1995264102566649e+01 1.2458626928260611e+02 1.3741035128450210e+02 -2.7152717714610199e+00 1.1963297009097611e+01 1.2425421697100870e+02 1.3777755948501402e+02 -2.7126029802805136e+00 1.1963297009108288e+01 1.2425421697108661e+02 1.3777755948492015e+02 -2.7126029905716158e+00 1.1903355067416117e+01 1.2363160999599471e+02 1.3847140357967217e+02 -2.7075796578660878e+00 1.1903355067433422e+01 1.2363160999614369e+02 1.3847140357949752e+02 -2.7075796681577700e+00 1.0122395760409589e+02 4.0524977154629882e+00 1.0273823099256258e+02 -1.2209535621939457e-02 1.0122395760401032e+02 4.0524977154598227e+00 1.0273823099264958e+02 -1.2209546225425342e-02 1.0070295314078008e+02 4.0316372065406663e+00 1.0326976879300059e+02 -7.0491770455078338e-03 1.0070295314073090e+02 4.0316372065389610e+00 1.0326976879305117e+02 -7.0491876493512743e-03 1.0040349728113226e+02 4.0196463946247274e+00 1.0357777656138349e+02 -4.0710639396779602e-03 1.0040349728110395e+02 4.0196463946238685e+00 1.0357777656141282e+02 -4.0710745437274902e-03 1.0023108312177705e+02 4.0127416946879286e+00 1.0375595068377349e+02 -2.3523460094979970e-03 1.0023108312176072e+02 4.0127416946875458e+00 1.0375595068379057e+02 -2.3523566136666898e-03 1.0013171573222232e+02 4.0087614201360218e+00 1.0385891770684925e+02 -1.3604419556184964e-03 1.0013171573221281e+02 4.0087614201359285e+00 1.0385891770685920e+02 -1.3604525598558716e-03 1.0007441468859894e+02 4.0064652705986639e+00 1.0391838875047662e+02 -7.8799213418782746e-04 1.0007441468859339e+02 4.0064652705987092e+00 1.0391838875048246e+02 -7.8800273846500290e-04 1.0004136065756164e+02 4.0051398499540500e+00 1.0395272681399790e+02 -4.5761373898921384e-04 1.0004136065755841e+02 4.0051398499541522e+00 1.0395272681400134e+02 -4.5762434328947991e-04 1.0002228959977020e+02 4.0043742381131118e+00 1.0397255032585907e+02 -2.6693454833811019e-04 1.0002228959976834e+02 4.0043742381132841e+00 1.0397255032586115e+02 -2.6694515265160781e-04 1.0001128429921046e+02 4.0039315398741993e+00 1.0398399456879163e+02 -1.5687075496580863e-04 1.0001128429920935e+02 4.0039315398744009e+00 1.0398399456879288e+02 -1.5688135928743007e-04 1.0000493150117217e+02 4.0036751059675861e+00 1.0399060317565130e+02 -9.3318694313433993e-05 1.0000493150117153e+02 4.0036751059678251e+00 1.0399060317565200e+02 -9.3329298639904337e-05 1.0000126115739687e+02 4.0035260657720011e+00 1.0399442297661416e+02 -5.6587191502627218e-05 1.0000126115739646e+02 4.0035260657722578e+00 1.0399442297661467e+02 -5.6597795831769653e-05 9.9998965789661440e+01 4.0034318412067256e+00 1.0399681342683863e+02 -3.3601120797563771e-05 9.9998965789661199e+01 4.0034318412069831e+00 1.0399681342683900e+02 -3.3611725128520753e-05 9.9997446585030886e+01 4.0033679162667939e+00 1.0399839788232724e+02 -1.8365615183289372e-05 9.9997446585030787e+01 4.0033679162670524e+00 1.0399839788232747e+02 -1.8376219515464662e-05 9.9996658061544011e+01 4.0033322148379220e+00 1.0399922394097240e+02 -1.0422643693916590e-05 9.9996658061543997e+01 4.0033322148381805e+00 1.0399922394097254e+02 -1.0433248026501913e-05 9.9996369206872160e+01 4.0033151503847755e+00 1.0399953231528789e+02 -7.4574741343895315e-06 9.9996369206872245e+01 4.0033151503850499e+00 1.0399953231528791e+02 -7.4680784683897181e-06 9.9996310974169603e+01 4.0033055051621078e+00 1.0399960345876345e+02 -6.7733768566505672e-06 9.9996310974169319e+01 4.0033055051623814e+00 1.0399960345876383e+02 -6.7839811873158647e-06 9.9996316066729563e+01 4.0032959934903936e+00 1.0399961221409242e+02 -6.6891541465000965e-06 9.9996316066729563e+01 4.0032959934906813e+00 1.0399961221409252e+02 -6.6997584799278844e-06 9.9996331303363888e+01 4.0032837152507232e+00 1.0399961500489883e+02 -6.6622592075454059e-06 9.9996331303363718e+01 4.0032837152510057e+00 1.0399961500489904e+02 -6.6728635398772746e-06 9.9996351362539642e+01 4.0032674521131586e+00 1.0399961881637103e+02 -6.6255098425864435e-06 9.9996351362539627e+01 4.0032674521134179e+00 1.0399961881637108e+02 -6.6361141772956068e-06 9.9996377867607336e+01 4.0032459682463708e+00 1.0399962383532407e+02 -6.5770808260941306e-06 9.9996377867607350e+01 4.0032459682466355e+00 1.0399962383532406e+02 -6.5876851627967342e-06 9.9996412763066800e+01 4.0032176751315314e+00 1.0399963043807179e+02 -6.5133034851503481e-06 9.9996412763066971e+01 4.0032176751318067e+00 1.0399963043807152e+02 -6.5239078251259574e-06 9.9996458517555041e+01 4.0031805653948789e+00 1.0399963908274262e+02 -6.4296853705609659e-06 9.9996458517554558e+01 4.0031805653951293e+00 1.0399963908274300e+02 -6.4402897056718439e-06 9.9996518188544187e+01 4.0031321464166831e+00 1.0399965033477062e+02 -6.3206379971779207e-06 9.9996518188543931e+01 4.0031321464169398e+00 1.0399965033477071e+02 -6.3312423369480093e-06 9.9996595473272976e+01 4.0030693959507113e+00 1.0399966486902989e+02 -6.1794098490349987e-06 9.9996595473272706e+01 4.0030693959509662e+00 1.0399966486902990e+02 -6.1900141919663337e-06 9.9996694694616082e+01 4.0029887648534617e+00 1.0399968345927661e+02 -5.9981090758777940e-06 9.9996694694615556e+01 4.0029887648537024e+00 1.0399968345927684e+02 -6.0087134194683053e-06 9.9996820678141930e+01 4.0028862626760144e+00 1.0399970694062532e+02 -5.7679319840976945e-06 9.9996820678141830e+01 4.0028862626762436e+00 1.0399970694062515e+02 -5.7785363356555307e-06 9.9996978463691534e+01 4.0027576679371704e+00 1.0399973613143665e+02 -5.4796946410437947e-06 9.9996978463691264e+01 4.0027576679373862e+00 1.0399973613143656e+02 -5.4902989969686804e-06 9.9997172797384309e+01 4.0025989014224042e+00 1.0399977169861549e+02 -5.1247689972172247e-06 9.9997172797383968e+01 4.0025989014226173e+00 1.0399977169861555e+02 -5.1353733585502192e-06 9.9997407369034391e+01 4.0024065824831627e+00 1.0399981395132811e+02 -4.6964889074330061e-06 9.9997407369034235e+01 4.0024065824833457e+00 1.0399981395132804e+02 -4.7070932776631161e-06 9.9997683793985715e+01 4.0021787575458934e+00 1.0399986255134442e+02 -4.1920302333383140e-06 9.9997683793985672e+01 4.0021787575460355e+00 1.0399986255134431e+02 -4.2026346139810068e-06 9.9998000369416289e+01 4.0019157636836908e+00 1.0399991613291679e+02 -3.6147126047525692e-06 9.9998000369416047e+01 4.0019157636838516e+00 1.0399991613291699e+02 -3.6253169927473389e-06 9.9998350640447697e+01 4.0016211959532226e+00 1.0399997183622493e+02 -2.9766588289243213e-06 9.9998350640447569e+01 4.0016211959533727e+00 1.0399997183622504e+02 -2.9872632334760750e-06 9.9998721809304016e+01 4.0013029980778594e+00 1.0400002480721808e+02 -2.3017419260496350e-06 9.9998721809304527e+01 4.0013029980779633e+00 1.0400002480721744e+02 -2.3123463554431918e-06 9.9999093163380266e+01 4.0009747344668414e+00 1.0400006789770039e+02 -1.6284585082749134e-06 9.9999093163380039e+01 4.0009747344668769e+00 1.0400006789770056e+02 -1.6390629209399938e-06 9.9999435377679930e+01 4.0006569074174090e+00 1.0400009228497726e+02 -1.0110540973521226e-06 9.9999435377680001e+01 4.0006569074173992e+00 1.0400009228497719e+02 -1.0216584994004181e-06 9.9999713279080382e+01 4.0003772523140357e+00 1.0400009053130911e+02 -5.1396683360469400e-07 9.9999713279080197e+01 4.0003772523142578e+00 1.0400009053130957e+02 -5.2457122180907372e-07 9.9999896754536508e+01 4.0001666921771797e+00 1.0400006344666794e+02 -1.9093718451442520e-07 9.9999896754536564e+01 4.0001666921771966e+00 1.0400006344666814e+02 -2.0154163325134518e-07 9.9999981163285142e+01 4.0000457121773190e+00 1.0400002687544821e+02 -4.7121012138144859e-08 9.9999981163285028e+01 4.0000457121772914e+00 1.0400002687544799e+02 -5.7725560228471801e-08 1.0000000014685942e+02 4.0000038256121710e+00 1.0400000397247076e+02 -1.7695855463449258e-08 1.0000000014685939e+02 4.0000038256121178e+00 1.0400000397247069e+02 -2.8300473233802128e-08 1.0000000009320406e+02 3.9999995403365141e+00 1.0399999963354080e+02 -1.8654795885871176e-08 1.0000000009320408e+02 3.9999995403365221e+00 1.0399999963354081e+02 -2.9259416732353330e-08 9.9999999978132593e+01 4.0000000547194752e+00 1.0400000003285203e+02 -1.8781297865642936e-08 9.9999999978133047e+01 4.0000000547194592e+00 1.0400000003285247e+02 -2.9385930972092928e-08 1.0000000000431987e+02 3.9999999925754253e+00 1.0399999999689527e+02 -1.8741481905316434e-08 1.0000000000431992e+02 3.9999999925754559e+00 1.0399999999689541e+02 -2.9346214898932706e-08 9.9999999999164871e+01 4.0000000011364758e+00 1.0400000000030134e+02 -1.8749835216583237e-08 9.9999999999164629e+01 4.0000000011364696e+00 1.0400000000030110e+02 -2.9354855598791404e-08 1.0000000000016179e+02 3.9999999998094582e+00 1.0399999999997127e+02 -1.8747667543477693e-08 1.0000000000016176e+02 3.9999999998094746e+00 1.0399999999997122e+02 -2.9353369547350255e-08 9.9999999999968765e+01 4.0000000000339950e+00 1.0400000000000279e+02 -1.8747213720179831e-08 9.9999999999968352e+01 4.0000000000339817e+00 1.0400000000000233e+02 -2.9354287848243074e-08 1.0000000000000611e+02 3.9999999999936877e+00 1.0399999999999982e+02 -1.8746833682312229e-08 1.0000000000000610e+02 3.9999999999936970e+00 1.0399999999999979e+02 -2.9354783699188552e-08 9.9999999999999019e+01 4.0000000000011697e+00 1.0400000000000017e+02 -1.8747714497987635e-08 9.9999999999998664e+01 4.0000000000012239e+00 1.0399999999999989e+02 -2.9355408177702369e-08 1.0000000000000009e+02 3.9999999999998113e+00 1.0399999999999989e+02 -1.8750592158602389e-08 1.0000000000000044e+02 3.9999999999997238e+00 1.0400000000000014e+02 -2.9355642245449267e-08 9.9999999999999702e+01 4.0000000000000391e+00 1.0399999999999976e+02 -1.8747775305281376e-08 9.9999999999999986e+01 4.0000000000000515e+00 1.0400000000000006e+02 -2.9357582784499413e-08 1.0000000000000036e+02 4.0000000000000062e+00 1.0400000000000037e+02 -1.8742965059482091e-08 9.9999999999999858e+01 3.9999999999999960e+00 1.0399999999999986e+02 -2.9358672936124342e-08 9.9999999999999915e+01 3.9999999999999871e+00 1.0399999999999990e+02 -1.8740899456847465e-08 1.0000000000000023e+02 4.0000000000000266e+00 1.0400000000000026e+02 -2.9356709968137443e-08 1.0000000000000026e+02 3.9999999999999880e+00 1.0400000000000026e+02 -1.8768283043349420e-08 9.9999999999999957e+01 4.0000000000000027e+00 1.0399999999999994e+02 -2.9325681120860741e-08 1.0000000000000001e+02 3.9999999999999813e+00 1.0399999999999997e+02 -1.8745906879431598e-08 1.0000000000000009e+02 4.0000000000000027e+00 1.0400000000000011e+02 -2.9317993401450719e-08 9.9999999999999815e+01 4.0000000000000187e+00 1.0399999999999986e+02 -1.8662939495429644e-08 9.9999999999999929e+01 3.9999999999999973e+00 1.0399999999999991e+02 -2.9302907693458027e-08 1.0000000000000026e+02 3.9999999999999840e+00 1.0400000000000023e+02 -1.8511934684536085e-08 1.0000000000000028e+02 3.9999999999999902e+00 1.0400000000000028e+02 -2.9392638891942337e-08 9.9999999999999886e+01 3.9999999999999631e+00 1.0399999999999987e+02 -1.8242812204741415e-08 9.9999999999999730e+01 4.0000000000000382e+00 1.0399999999999974e+02 -2.9533929347255846e-08 1.0000000000000027e+02 4.0000000000000275e+00 1.0400000000000033e+02 -1.8155059231030984e-08 1.0000000000000040e+02 3.9999999999999813e+00 1.0400000000000041e+02 -2.9560113401218696e-08 9.9999999999999801e+01 3.9999999999999840e+00 1.0399999999999977e+02 -1.8192626893938260e-08 1.0000000000000003e+02 3.9999999999999951e+00 1.0400000000000000e+02 -2.9513030893594021e-08 1.0000000000000004e+02 4.0000000000000160e+00 1.0400000000000007e+02 -1.8141884236223567e-08 9.9999999999999801e+01 4.0000000000000311e+00 1.0399999999999984e+02 -2.9527228610485547e-08 1.0000000000000006e+02 3.9999999999999711e+00 1.0400000000000004e+02 -1.7940817663100636e-08 1.0000000000000009e+02 3.9999999999999973e+00 1.0400000000000007e+02 -2.9677285155079368e-08 9.9999999999999972e+01 3.9999999999999765e+00 1.0399999999999996e+02 -1.7704664815755585e-08 1.0000000000000017e+02 4.0000000000000098e+00 1.0400000000000016e+02 -2.9865472960572057e-08 1.0000000000000048e+02 4.0000000000000027e+00 1.0400000000000047e+02 -1.7570568800498062e-08 9.9999999999999616e+01 4.0000000000000089e+00 1.0399999999999962e+02 -2.9927964592278752e-08 9.9999999999999801e+01 3.9999999999999694e+00 1.0399999999999976e+02 -1.7352426141331317e-08 1.0000000000000050e+02 4.0000000000000080e+00 1.0400000000000051e+02 -3.0015255501503849e-08 9.9999999999999744e+01 4.0000000000000107e+00 1.0399999999999976e+02 -1.7158819533558448e-08 1.0000000000000000e+02 3.9999999999999787e+00 1.0399999999999996e+02 -3.0082488942087164e-08 1.0000000000000020e+02 3.9999999999999871e+00 1.0400000000000021e+02 -1.6840519287964419e-08 9.9999999999999957e+01 4.0000000000000062e+00 1.0399999999999996e+02 -3.0332016910288794e-08 1.0000000000000023e+02 4.0000000000000036e+00 1.0400000000000023e+02 -1.6634956446689494e-08 9.9999999999999787e+01 3.9999999999999996e+00 1.0399999999999977e+02 -3.0513992676398460e-08 9.9999999999999886e+01 4.0000000000000400e+00 1.0399999999999994e+02 -1.6487360616231097e-08 9.9999999999999929e+01 3.9999999999999991e+00 1.0399999999999991e+02 -3.0600079643630854e-08 1.0000000000000003e+02 3.9999999999999383e+00 1.0399999999999996e+02 -1.6508455595177118e-08 1.0000000000000010e+02 4.0000000000000311e+00 1.0400000000000013e+02 -3.0522555512144153e-08 9.9999999999999815e+01 4.0000000000000204e+00 1.0399999999999987e+02 -1.6589311425385399e-08 1.0000000000000014e+02 4.0000000000000009e+00 1.0400000000000014e+02 -3.0478067752659727e-08 9.9999999999999815e+01 3.9999999999999973e+00 1.0399999999999983e+02 -1.6704289079255938e-08 1.0000000000000009e+02 3.9999999999999956e+00 1.0400000000000009e+02 -3.0348240103107380e-08 9.9999999999999645e+01 4.0000000000000044e+00 1.0399999999999964e+02 -1.7017259799632288e-08 1.0000000000000038e+02 3.9999999999999916e+00 1.0400000000000038e+02 -3.0043085177611629e-08 9.9999999999999957e+01 3.9999999999999867e+00 1.0399999999999996e+02 -1.7274401802548592e-08 9.9999999999999659e+01 4.0000000000000080e+00 1.0399999999999964e+02 -2.9809508868571092e-08 9.9999999999999972e+01 3.9999999999999631e+00 1.0399999999999993e+02 -1.7597614126746158e-08 1.0000000000000031e+02 4.0000000000000222e+00 1.0400000000000036e+02 -2.9561021892740042e-08 9.9999999999999801e+01 4.0000000000000151e+00 1.0399999999999983e+02 -1.7815947018035547e-08 1.0000000000000009e+02 3.9999999999999720e+00 1.0400000000000004e+02 -2.9239122630623550e-08 9.9999999999999517e+01 4.0000000000000000e+00 1.0399999999999950e+02 -1.7941509184282425e-08 1.0000000000000018e+02 4.0000000000000222e+00 1.0400000000000021e+02 -2.9026658094356402e-08 1.0000000000000000e+02 4.0000000000000213e+00 1.0400000000000003e+02 -1.8048040958911273e-08 9.9999999999999943e+01 3.9999999999999640e+00 1.0399999999999990e+02 -2.8845412517729709e-08 9.9999999999999915e+01 3.9999999999999778e+00 1.0399999999999989e+02 -1.8288590053141452e-08 1.0000000000000013e+02 4.0000000000000249e+00 1.0400000000000016e+02 -2.8552173336119583e-08 9.9999999999999901e+01 4.0000000000000426e+00 1.0399999999999994e+02 -1.8517681961194041e-08 9.9999999999999588e+01 3.9999999999999787e+00 1.0399999999999956e+02 -2.8286822648630888e-08 9.9999999999999972e+01 4.0000000000000240e+00 1.0399999999999999e+02 -1.8665439386693013e-08 9.9999999999999929e+01 3.9999999999999805e+00 1.0399999999999991e+02 -2.8126512400868432e-08 9.9999999999999901e+01 3.9999999999999529e+00 1.0399999999999986e+02 -1.8780802298609730e-08 9.9999999999999858e+01 4.0000000000000595e+00 1.0399999999999990e+02 -2.7985700386025479e-08 1.0000000000000034e+02 4.0000000000000284e+00 1.0400000000000037e+02 -1.8785299341593957e-08 9.9999999999999844e+01 3.9999999999999836e+00 1.0399999999999983e+02 -2.7918810256522362e-08 9.9999999999999972e+01 3.9999999999999765e+00 1.0399999999999996e+02 -1.8655008788992622e-08 1.0000000000000000e+02 4.0000000000000240e+00 1.0400000000000003e+02 -2.7895595301740982e-08 9.9999999999999815e+01 3.9999999999999987e+00 1.0399999999999980e+02 -1.8568487412559346e-08 1.0000000000000009e+02 4.0000000000000160e+00 1.0400000000000013e+02 -2.7924250757441352e-08 9.9999999999999574e+01 3.9999999999999996e+00 1.0399999999999960e+02 -1.8606724101259067e-08 1.0000000000000047e+02 3.9999999999999849e+00 1.0400000000000043e+02 -2.7859285196215466e-08 1.0000000000000028e+02 3.9999999999999867e+00 1.0400000000000027e+02 -1.8690499829461544e-08 9.9999999999999744e+01 4.0000000000000160e+00 1.0399999999999976e+02 -2.7784115657322326e-08 9.9999999999999645e+01 4.0000000000000266e+00 1.0399999999999967e+02 -1.8918420190644199e-08 1.0000000000000009e+02 3.9999999999999702e+00 1.0400000000000007e+02 -2.7631723907986391e-08 1.0000000000000014e+02 3.9999999999999902e+00 1.0400000000000013e+02 -1.9116473346303216e-08 1.0000000000000014e+02 4.0000000000000417e+00 1.0400000000000017e+02 -2.7487917714963766e-08 1.0000000000000013e+02 4.0000000000000036e+00 1.0400000000000014e+02 -1.9430959791356549e-08 9.9999999999999773e+01 4.0000000000000071e+00 1.0399999999999977e+02 -2.7220702353002741e-08 9.9999999999999673e+01 4.0000000000000417e+00 1.0399999999999973e+02 -1.9682985962467170e-08 1.0000000000000010e+02 3.9999999999999933e+00 1.0400000000000010e+02 -2.7022791604063068e-08 1.0000000000000001e+02 3.9999999999999689e+00 1.0399999999999997e+02 -2.0149808240407869e-08 9.9999999999999758e+01 4.0000000000000231e+00 1.0399999999999977e+02 -2.6606594353134432e-08 1.0000000000000007e+02 4.0000000000000240e+00 1.0400000000000009e+02 -2.0584313093871786e-08 1.0000000000000017e+02 3.9999999999999813e+00 1.0400000000000014e+02 -2.6181195511902956e-08 9.9999999999999915e+01 4.0000000000000000e+00 1.0399999999999990e+02 -2.1005049297599356e-08 9.9999999999999858e+01 4.0000000000000080e+00 1.0399999999999989e+02 -2.5729184159238552e-08 9.9999999999999929e+01 3.9999999999999893e+00 1.0399999999999993e+02 -2.1340381255094673e-08 1.0000000000000017e+02 3.9999999999999951e+00 1.0400000000000016e+02 -2.5238620609704814e-08 1.0000000000000009e+02 4.0000000000000160e+00 1.0400000000000004e+02 -2.1552279077425614e-08 9.9999999999999801e+01 3.9999999999999960e+00 1.0399999999999983e+02 -2.4832210150789581e-08 9.9999999999999929e+01 4.0000000000000231e+00 1.0399999999999999e+02 -2.1519049961906617e-08 9.9999999999999972e+01 3.9999999999999778e+00 1.0399999999999991e+02 -2.4555346576158201e-08 1.0000000000000010e+02 3.9999999999999929e+00 1.0400000000000009e+02 -2.1431706155106184e-08 9.9999999999999773e+01 3.9999999999999991e+00 1.0399999999999979e+02 -2.4307037173306447e-08 9.9999999999999972e+01 4.0000000000000249e+00 1.0399999999999999e+02 -2.1406485271013802e-08 1.0000000000000020e+02 3.9999999999999805e+00 1.0400000000000017e+02 -2.3961758210309885e-08 1.0000000000000016e+02 3.9999999999999361e+00 1.0400000000000011e+02 -2.1256540877358439e-08 9.9999999999999730e+01 4.0000000000000719e+00 1.0399999999999980e+02 -2.3666046739454429e-08 9.9999999999999574e+01 4.0000000000000515e+00 1.0399999999999963e+02 -2.1320388386503883e-08 1.0000000000000034e+02 3.9999999999999432e+00 1.0400000000000027e+02 -2.3075782148308479e-08 1.0000000000000021e+02 3.9999999999999831e+00 1.0400000000000020e+02 -2.1263449286389884e-08 9.9999999999999673e+01 4.0000000000000089e+00 1.0399999999999967e+02 -2.2544468038322487e-08 9.9999999999999886e+01 3.9999999999999991e+00 1.0399999999999989e+02 -2.1184310691452171e-08 1.0000000000000036e+02 3.9999999999999991e+00 1.0400000000000036e+02 -2.1917759898834360e-08 9.9999999999999432e+01 3.9999999999999822e+00 1.0399999999999940e+02 -2.1023500349514242e-08 1.0000000000000030e+02 4.0000000000000311e+00 1.0400000000000031e+02 -2.1313093029588846e-08 1.0000000000000028e+02 3.9999999999999760e+00 1.0400000000000028e+02 -2.0852733650280054e-08 9.9999999999999858e+01 3.9999999999999960e+00 1.0399999999999986e+02 -2.0674191617939395e-08 9.9999999999999829e+01 4.0000000000000009e+00 1.0399999999999982e+02 -2.0654196663285528e-08 9.9999999999999844e+01 3.9999999999999902e+00 1.0399999999999984e+02 -2.0111111469935629e-08 1.0000000000000014e+02 3.9999999999999734e+00 1.0400000000000013e+02 -2.0537442268436612e-08 1.0000000000000004e+02 4.0000000000000151e+00 1.0400000000000006e+02 -1.9492407105597312e-08 1.0000000000000037e+02 4.0000000000000036e+00 1.0400000000000037e+02 -2.0456139073507136e-08 9.9999999999999758e+01 3.9999999999999876e+00 1.0399999999999976e+02 -1.8813845116467092e-08 9.9999999999999488e+01 4.0000000000000036e+00 1.0399999999999949e+02 -2.0374810191260143e-08 1.0000000000000051e+02 3.9999999999999858e+00 1.0400000000000050e+02 -1.8144000705113411e-08 1.0000000000000028e+02 4.0000000000000036e+00 1.0400000000000027e+02 -2.0244571549979693e-08 9.9999999999999716e+01 4.0000000000000018e+00 1.0399999999999973e+02 -1.7481717454273868e-08 9.9999999999999915e+01 4.0000000000000027e+00 1.0399999999999994e+02 -2.0316382380992194e-08 9.9999999999999886e+01 3.9999999999999982e+00 1.0399999999999989e+02 -1.6702513372811673e-08 1.0000000000000021e+02 3.9999999999999791e+00 1.0400000000000018e+02 -2.0342229863917717e-08 1.0000000000000006e+02 4.0000000000000124e+00 1.0400000000000007e+02 -1.6010723686207746e-08 1.0000000000000004e+02 3.9999999999999893e+00 1.0400000000000001e+02 -2.0311944713624238e-08 9.9999999999999858e+01 4.0000000000000107e+00 1.0399999999999986e+02 -1.5349918440994124e-08 9.9999999999999787e+01 4.0000000000000027e+00 1.0399999999999979e+02 -2.0320525641405195e-08 1.0000000000000004e+02 3.9999999999999893e+00 1.0400000000000003e+02 -1.4582997586464389e-08 9.9999999999999901e+01 4.0000000000000249e+00 1.0399999999999991e+02 -2.0269679963632746e-08 1.0000000000000024e+02 3.9999999999999787e+00 1.0400000000000021e+02 -1.3813358077341114e-08 1.0000000000000013e+02 3.9999999999999956e+00 1.0400000000000010e+02 -2.0109562945041431e-08 9.9999999999999744e+01 3.9999999999999973e+00 1.0399999999999976e+02 -1.3106482954871934e-08 1.0000000000000011e+02 3.9999999999999609e+00 1.0400000000000009e+02 -1.9907974378732803e-08 9.9999999999999929e+01 4.0000000000000302e+00 1.0399999999999996e+02 -1.2478059175875815e-08 9.9999999999999687e+01 4.0000000000000240e+00 1.0399999999999970e+02 -1.9705349803017736e-08 1.0000000000000050e+02 3.9999999999999898e+00 1.0400000000000047e+02 -1.1875104697087589e-08 9.9999999999999915e+01 3.9999999999999512e+00 1.0399999999999986e+02 -1.9544780722865617e-08 1.0000000000000010e+02 4.0000000000000435e+00 1.0400000000000013e+02 -1.1191255124798184e-08 1.0000000000000027e+02 4.0000000000000746e+00 1.0400000000000033e+02 -1.9243998841230500e-08 9.9999999999999673e+01 3.9999999999999649e+00 1.0399999999999966e+02 -1.0616438688098490e-08 1.0000000000000007e+02 3.9999999999999867e+00 1.0400000000000007e+02 -1.8821320182300558e-08 1.0000000000000027e+02 4.0000000000000062e+00 1.0400000000000027e+02 -1.0142123556241191e-08 9.9999999999999901e+01 3.9999999999999813e+00 1.0399999999999990e+02 -1.8349280851260394e-08 9.9999999999999787e+01 4.0000000000000338e+00 1.0399999999999983e+02 -9.6884396082429507e-09 9.9999999999999929e+01 4.0000000000000284e+00 1.0399999999999996e+02 -1.8011122263688736e-08 1.0000000000000000e+02 3.9999999999999676e+00 1.0399999999999997e+02 -9.1268958517726715e-09 9.9999999999999829e+01 4.0000000000000053e+00 1.0399999999999983e+02 -1.7681458447355506e-08 1.0000000000000001e+02 3.9999999999999902e+00 1.0400000000000001e+02 -8.6664452400857343e-09 1.0000000000000007e+02 4.0000000000000115e+00 1.0400000000000009e+02 -1.7302964039626988e-08 9.9999999999999787e+01 4.0000000000000062e+00 1.0399999999999979e+02 -8.2895692813334537e-09 9.9999999999999957e+01 3.9999999999999734e+00 1.0399999999999996e+02 -1.6803420715822676e-08 1.0000000000000014e+02 3.9999999999999907e+00 1.0400000000000013e+02 -7.9596634998734629e-09 1.0000000000000043e+02 4.0000000000000036e+00 1.0400000000000041e+02 -1.6158227682902140e-08 9.9999999999999773e+01 4.0000000000000178e+00 1.0399999999999983e+02 -7.7675094269397137e-09 1.0000000000000000e+02 3.9999999999999964e+00 1.0400000000000000e+02 -1.5569850811211873e-08 9.9999999999999943e+01 3.9999999999999725e+00 1.0399999999999991e+02 -7.5051334197092783e-09 1.0000000000000006e+02 3.9999999999999618e+00 1.0400000000000000e+02 -1.4845969119923463e-08 9.9999999999999929e+01 4.0000000000000666e+00 1.0400000000000000e+02 -7.3978028199710644e-09 9.9999999999999787e+01 4.0000000000000160e+00 1.0399999999999979e+02 -1.4227542763834436e-08 1.0000000000000028e+02 3.9999999999999996e+00 1.0400000000000028e+02 -7.1013500755597156e-09 1.0000000000000053e+02 3.9999999999999969e+00 1.0400000000000054e+02 -1.3684146478472887e-08 9.9999999999999702e+01 4.0000000000000000e+00 1.0399999999999970e+02 -6.7679700279137195e-09 1.0000000000000007e+02 4.0000000000000302e+00 1.0400000000000007e+02 -1.3179181002104614e-08 9.9999999999999986e+01 3.9999999999999627e+00 1.0399999999999997e+02 -6.4901131054918177e-09 1.0000000000000009e+02 4.0000000000000044e+00 1.0400000000000009e+02 -1.2582786629549231e-08 9.9999999999999730e+01 3.9999999999999885e+00 1.0399999999999972e+02 -6.1842021798760151e-09 1.0000000000000016e+02 4.0000000000000000e+00 1.0400000000000016e+02 -1.1936757722077204e-08 9.9999999999999844e+01 4.0000000000000160e+00 1.0399999999999987e+02 -5.9689725855575406e-09 9.9999999999999901e+01 4.0000000000000080e+00 1.0399999999999989e+02 -1.1290044571439768e-08 1.0000000000000004e+02 3.9999999999999840e+00 1.0400000000000006e+02 -5.8202528223326255e-09 9.9999999999999901e+01 4.0000000000000053e+00 1.0399999999999990e+02 -1.0722975838194875e-08 1.0000000000000023e+02 4.0000000000000098e+00 1.0400000000000023e+02 -5.5867923366734774e-09 9.9999999999999986e+01 3.9999999999999942e+00 1.0399999999999996e+02 -1.0189519411172892e-08 9.9999999999999801e+01 3.9999999999999765e+00 1.0399999999999980e+02 -5.3348516292819374e-09 9.9999999999999744e+01 4.0000000000000222e+00 1.0399999999999980e+02 -9.6741341343197460e-09 1.0000000000000030e+02 4.0000000000000213e+00 1.0400000000000028e+02 -5.0250295177060845e-09 9.9999999999999957e+01 3.9999999999999560e+00 1.0399999999999991e+02 -9.0750809274894430e-09 1.0000000000000017e+02 4.0000000000000142e+00 1.0400000000000018e+02 -4.7326198144111047e-09 9.9999999999999957e+01 3.9999999999999978e+00 1.0399999999999993e+02 -8.4878509986998542e-09 9.9999999999999929e+01 4.0000000000000115e+00 1.0399999999999994e+02 -4.4361817367067973e-09 9.9999999999999986e+01 4.0000000000000542e+00 1.0400000000000004e+02 -7.8583641902422866e-09 1.0000000000000001e+02 3.9999999999999210e+00 1.0399999999999991e+02 -4.1371081491815575e-09 1.0000000000000033e+02 3.9999999999999889e+00 1.0400000000000028e+02 -7.1534399342600062e-09 9.9999999999999616e+01 3.9999999999999951e+00 1.0399999999999963e+02 -3.9058445791095119e-09 1.0000000000000034e+02 4.0000000000000258e+00 1.0400000000000037e+02 -6.2828278675763469e-09 9.9999999999999858e+01 3.9999999999999920e+00 1.0399999999999986e+02 -3.7770525475447285e-09 9.9999999999999744e+01 3.9999999999999840e+00 1.0399999999999970e+02 -5.5095063626708684e-09 1.0000000000000004e+02 4.0000000000000089e+00 1.0400000000000004e+02 -3.5551735593969324e-09 1.0000000000000001e+02 4.0000000000000089e+00 1.0400000000000003e+02 -4.6577525722419329e-09 1.0000000000000003e+02 3.9999999999999880e+00 1.0400000000000001e+02 -3.3446337437361630e-09 1.0000000000000018e+02 3.9999999999999889e+00 1.0400000000000016e+02 -3.8427264435087578e-09 1.0000000000000000e+02 3.9999999999999845e+00 1.0399999999999997e+02 -3.1063724176975050e-09 1.0000000000000017e+02 4.0000000000000027e+00 1.0400000000000020e+02 -3.0639178996692664e-09 9.9999999999999517e+01 3.9999999999999956e+00 1.0399999999999950e+02 -2.6966042040505497e-09 1.0000000000000020e+02 3.9999999999999716e+00 1.0400000000000016e+02 -2.3918571600730266e-09 9.9999999999999943e+01 4.0000000000000622e+00 1.0400000000000000e+02 -2.1515226866404335e-09 9.9999999999999744e+01 4.0000000000000160e+00 1.0399999999999977e+02 -1.7038646596463038e-09 1.0000000000000037e+02 3.9999999999999667e+00 1.0400000000000033e+02 -1.6950041855743166e-09 1.0000000000000034e+02 3.9999999999999769e+00 1.0400000000000028e+02 -1.1103334454136835e-09 9.9999999999999773e+01 4.0000000000000098e+00 1.0399999999999980e+02 -1.1495312574013750e-09 9.9999999999999972e+01 3.9999999999999973e+00 1.0399999999999999e+02 -4.9568076725982588e-10 1.0000000000000011e+02 4.0000000000000240e+00 1.0400000000000013e+02 -6.3506226522640692e-10 1.0000000000000000e+02 4.0000000000000000e+00 1.0400000000000000e+02 0.0000000000000000e+00 1.0000000000000000e+02 4.0000000000000000e+00 1.0400000000000000e+02 0.0000000000000000e+00 
